2016-04-01 19:05:56[(305, 12), (367, 15), (522, 24), (2023, 4)]
2016-04-01 19:06:56[(305, 12), (367, 15), (522, 24), (2023, 4)]
2016-04-01 19:07:56[(305, 12), (367, 15), (522, 24), (2023, 4)]
2016-04-01 19:08:57[(305, 12), (367, 15), (522, 24), (2023, 4)]
2016-04-01 19:09:57[(305, 12), (367, 16), (522, 24), (2023, 4)]
2016-04-01 19:10:57[(305, 12), (367, 16), (522, 24), (2023, 4)]
2016-04-01 19:11:57[(305, 12), (367, 15), (522, 24), (2023, 4)]
2016-04-01 19:12:57[(305, 12), (367, 15), (522, 24), (2023, 4)]
2016-04-01 19:13:58[(305, 12), (367, 15), (522, 24), (2023, 4)]
2016-04-01 19:14:58[(305, 12), (367, 15), (522, 24), (2023, 4)]
2016-04-01 19:15:58[(305, 11), (367, 14), (522, 24), (2023, 4)]
2016-04-01 19:16:58[(305, 11), (367, 14), (522, 24), (2023, 4)]
2016-04-01 19:17:58[(305, 11), (367, 14), (522, 24), (2023, 3)]
2016-04-01 19:18:58[(305, 11), (367, 14), (522, 24), (2023, 3)]
2016-04-01 19:19:59[(305, 11), (367, 14), (522, 24), (2023, 3)]
2016-04-01 19:20:59[(305, 11), (367, 14), (522, 24), (2023, 3)]
2016-04-01 19:21:59[(305, 11), (367, 14), (522, 24), (2023, 4)]
2016-04-01 19:22:59[(305, 11), (367, 14), (522, 24), (2023, 4)]
2016-04-01 19:23:59[(305, 11), (367, 14), (522, 24), (2023, 4)]
2016-04-01 19:25:00[(305, 9), (367, 15), (522, 24), (2023, 4)]
2016-04-01 19:26:00[(305, 8), (367, 14), (522, 24), (2023, 4)]
2016-04-01 19:27:00[(305, 7), (367, 14), (522, 26), (2023, 4)]
2016-04-01 19:28:00[(305, 7), (367, 14), (522, 26), (2023, 4)]
2016-04-01 19:29:00[(305, 7), (367, 14), (522, 26), (2023, 4)]
2016-04-01 19:30:00[(305, 7), (367, 13), (522, 26), (2023, 4)]
2016-04-01 19:31:01[(305, 6), (367, 13), (522, 26), (2023, 4)]
2016-04-01 19:32:01[(305, 6), (367, 13), (522, 26), (2023, 4)]
2016-04-01 19:33:01[(305, 6), (367, 13), (522, 26), (2023, 4)]
2016-04-01 19:34:01[(305, 6), (367, 13), (522, 26), (2023, 4)]
2016-04-01 19:35:01[(305, 6), (367, 14), (522, 26), (2023, 4)]
2016-04-01 19:36:02[(305, 6), (367, 14), (522, 25), (2023, 4)]
2016-04-01 19:37:02[(305, 6), (367, 15), (522, 25), (2023, 4)]
2016-04-01 19:38:02[(305, 6), (367, 15), (522, 25), (2023, 4)]
2016-04-01 19:39:02[(305, 6), (367, 15), (522, 25), (2023, 4)]
2016-04-01 19:40:02[(305, 6), (367, 15), (522, 25), (2023, 4)]
2016-04-01 19:41:02[(305, 7), (367, 12), (522, 25), (2023, 4)]
2016-04-01 19:42:03[(305, 8), (367, 12), (522, 23), (2023, 4)]
2016-04-01 19:43:03[(305, 8), (367, 11), (522, 23), (2023, 4)]
2016-04-01 19:44:03[(305, 8), (367, 11), (522, 23), (2023, 4)]
2016-04-01 19:45:03[(305, 8), (367, 11), (522, 23), (2023, 4)]
2016-04-01 19:46:03[(305, 8), (367, 11), (522, 23), (2023, 4)]
2016-04-01 19:47:04[(305, 8), (367, 11), (522, 23), (2023, 4)]
2016-04-01 19:48:04[(305, 8), (367, 12), (522, 23), (2023, 4)]
2016-04-01 19:49:04[(305, 8), (367, 12), (522, 23), (2023, 4)]
2016-04-01 19:50:04[(305, 8), (367, 11), (522, 24), (2023, 4)]
2016-04-01 19:51:05[(305, 9), (367, 11), (522, 23), (2023, 4)]
2016-04-01 19:52:05[(305, 10), (367, 11), (522, 23), (2023, 4)]
2016-04-01 19:53:05[(305, 10), (367, 11), (522, 23), (2023, 4)]
2016-04-01 19:54:05[(305, 10), (367, 11), (522, 22), (2023, 3)]
2016-04-01 19:55:05[(305, 10), (367, 9), (522, 22), (2023, 3)]
2016-04-01 19:56:06[(305, 10), (367, 8), (522, 22), (2023, 3)]
2016-04-01 19:57:06[(305, 11), (367, 8), (522, 22), (2023, 4)]
2016-04-01 19:58:06[(305, 11), (367, 8), (522, 23), (2023, 3)]
2016-04-01 19:59:06[(305, 11), (367, 8), (522, 22), (2023, 4)]
2016-04-01 20:00:06[(305, 11), (367, 9), (522, 22), (2023, 4)]
2016-04-01 20:01:07[(305, 11), (367, 9), (522, 22), (2023, 4)]
2016-04-01 20:02:07[(305, 11), (367, 9), (522, 22), (2023, 4)]
2016-04-01 20:03:07[(305, 11), (367, 9), (522, 22), (2023, 4)]
2016-04-01 20:04:07[(305, 11), (367, 9), (522, 22), (2023, 4)]
2016-04-01 20:05:07[(305, 12), (367, 8), (522, 22), (2023, 3)]
2016-04-01 20:06:08[(305, 12), (367, 8), (522, 20), (2023, 3)]
2016-04-01 20:07:08[(305, 12), (367, 8), (522, 19), (2023, 3)]
2016-04-01 20:08:08[(305, 11), (367, 8), (522, 19), (2023, 3)]
2016-04-01 20:09:08[(305, 11), (367, 7), (522, 19), (2023, 3)]
2016-04-01 20:10:08[(305, 10), (367, 7), (522, 19), (2023, 3)]
2016-04-01 20:11:09[(305, 10), (367, 7), (522, 19), (2023, 3)]
2016-04-01 20:12:09[(305, 10), (367, 7), (522, 18), (2023, 3)]
2016-04-01 20:13:09[(305, 10), (367, 7), (522, 18), (2023, 3)]
2016-04-01 20:14:09[(305, 10), (367, 8), (522, 18), (2023, 3)]
2016-04-01 20:15:09[(305, 10), (367, 8), (522, 18), (2023, 3)]
2016-04-01 20:16:09[(305, 11), (367, 8), (522, 18), (2023, 3)]
2016-04-01 20:17:10[(305, 12), (367, 7), (522, 18), (2023, 2)]
2016-04-01 20:18:10[(305, 12), (367, 6), (522, 18), (2023, 2)]
2016-04-01 20:19:10[(305, 12), (367, 6), (522, 18), (2023, 2)]
2016-04-01 20:20:10[(305, 12), (367, 5), (522, 18), (2023, 2)]
2016-04-01 20:21:10[(305, 11), (367, 5), (522, 18), (2023, 2)]
2016-04-01 20:22:11[(305, 10), (367, 5), (522, 18), (2023, 2)]
2016-04-01 20:23:11[(305, 10), (367, 5), (522, 18), (2023, 2)]
2016-04-01 20:24:11[(305, 10), (367, 5), (522, 18), (2023, 2)]
2016-04-01 20:25:11[(305, 10), (367, 5), (522, 18), (2023, 2)]
2016-04-01 20:26:11[(305, 10), (367, 5), (522, 18), (2023, 2)]
2016-04-01 20:27:12[(305, 10), (367, 5), (522, 18), (2023, 2)]
2016-04-01 20:28:12[(305, 10), (367, 5), (522, 17), (2023, 2)]
2016-04-01 20:29:12[(305, 10), (367, 5), (522, 15), (2023, 2)]
2016-04-01 20:30:12[(305, 11), (367, 5), (522, 14), (2023, 2)]
2016-04-01 20:31:12[(305, 11), (367, 5), (522, 14), (2023, 2)]
2016-04-01 20:32:13[(305, 11), (367, 5), (522, 14), (2023, 2)]
2016-04-01 20:33:13[(305, 9), (367, 5), (522, 14), (2023, 3)]
2016-04-01 20:34:13[(305, 9), (367, 5), (522, 14), (2023, 3)]
2016-04-01 20:35:13[(305, 9), (367, 6), (522, 14), (2023, 3)]
2016-04-01 20:36:13[(305, 7), (367, 6), (522, 14), (2023, 3)]
2016-04-01 20:37:13[(305, 7), (367, 5), (522, 13), (2023, 3)]
2016-04-01 20:38:14[(305, 7), (367, 5), (522, 13), (2023, 3)]
2016-04-01 20:39:14[(305, 6), (367, 3), (522, 13), (2023, 3)]
2016-04-01 20:40:14[(305, 6), (367, 2), (522, 12), (2023, 2)]
2016-04-01 20:41:14[(305, 6), (367, 2), (522, 12), (2023, 2)]
2016-04-01 20:42:15[(305, 4), (367, 2), (522, 11), (2023, 2)]
2016-04-01 20:43:15[(305, 4), (367, 2), (522, 11), (2023, 2)]
2016-04-01 20:44:15[(305, 4), (367, 2), (522, 11), (2023, 2)]
2016-04-01 20:45:15[(305, 4), (367, 1), (522, 8), (2023, 1)]
2016-04-01 20:46:15[(305, 4), (367, 1), (522, 8), (2023, 1)]
2016-04-01 20:47:16[(305, 3), (367, 1), (522, 9), (2023, 1)]
2016-04-01 20:48:16[(305, 3), (367, 1), (522, 9), (2023, 1)]
2016-04-01 20:49:16[(305, 3), (367, 1), (522, 9), (2023, 1)]
2016-04-01 20:50:16[(305, 3), (367, 1), (522, 9), (2023, 1)]
2016-04-01 20:51:16[(305, 3), (367, 1), (522, 9), (2023, 1)]
2016-04-01 20:52:16[(305, 3), (367, 1), (522, 9), (2023, 1)]
2016-04-01 20:53:17[(305, 4), (367, 1), (522, 9), (2023, 1)]
2016-04-01 20:54:17[(305, 3), (367, 1), (522, 9), (2023, 1)]
2016-04-01 20:55:17[(305, 3), (367, 1), (522, 7), (2023, 1)]
2016-04-01 20:56:17[(305, 3), (367, 1), (522, 6), (2023, 1)]
2016-04-01 20:57:17[(305, 3), (367, 0), (522, 6), (2023, 1)]
2016-04-01 20:58:18[(305, 1), (367, 0), (522, 4), (2023, 1)]
2016-04-01 20:59:18[(305, 0), (367, 0), (522, 3), (2023, 1)]
2016-04-01 21:00:18[(305, 1), (367, 0), (522, 3), (2023, 0)]
2016-04-01 21:01:18[(305, 0), (367, 0), (522, 2), (2023, 0)]
2016-04-01 21:02:18[(305, 0), (367, 0), (522, 2), (2023, 0)]
2016-04-01 21:03:19[(305, 0), (367, 0), (522, 2), (2023, 0)]
2016-04-01 21:04:19[(305, 0), (367, 0), (522, 2), (2023, 0)]
2016-04-01 21:05:19[(305, 0), (367, 0), (522, 2), (2023, 0)]
2016-04-01 21:06:19[(305, 0), (367, 0), (522, 1), (2023, 0)]
2016-04-01 21:07:19[(305, 0), (367, 0), (522, 1), (2023, 0)]
2016-04-01 21:08:20[(305, 0), (367, 0), (522, 1), (2023, 0)]
2016-04-01 21:09:20[(305, 0), (367, 0), (522, 1), (2023, 0)]
2016-04-01 21:10:20[(305, 0), (367, 1), (522, 1), (2023, 0)]
2016-04-01 21:11:20[(305, 0), (367, 0), (522, 1), (2023, 0)]
2016-04-01 21:12:20[(305, 0), (367, 0), (522, 1), (2023, 0)]
2016-04-01 21:13:20[(305, 0), (367, 0), (522, 1), (2023, 0)]
2016-04-01 21:14:21[(305, 0), (367, 0), (522, 1), (2023, 0)]
2016-04-01 21:15:21[(305, 0), (367, 0), (522, 1), (2023, 0)]
2016-04-01 21:16:21[(305, 0), (367, 0), (522, 1), (2023, 0)]
2016-04-01 21:17:21[(305, 0), (367, 0), (522, 1), (2023, 0)]
2016-04-01 21:18:22[(305, 0), (367, 0), (522, 1), (2023, 0)]
2016-04-01 21:19:22[(305, 0), (367, 0), (522, 1), (2023, 0)]
2016-04-01 21:20:22[(305, 0), (367, 0), (522, 1), (2023, 0)]
2016-04-01 21:21:22[(305, 0), (367, 0), (522, 1), (2023, 0)]
2016-04-01 21:22:22[(305, 0), (367, 1), (522, 1), (2023, 0)]
2016-04-01 21:23:23[(305, 0), (367, 1), (522, 1), (2023, 0)]
2016-04-01 21:24:23[(305, 0), (367, 0), (522, 1), (2023, 0)]
2016-04-01 21:25:23[(305, 0), (367, 0), (522, 1), (2023, 0)]
2016-04-01 21:26:23[(305, 1), (367, 0), (522, 1), (2023, 0)]
2016-04-01 21:27:23[(305, 1), (367, 0), (522, 1), (2023, 0)]
2016-04-01 21:28:24[(305, 1), (367, 0), (522, 0), (2023, 0)]
2016-04-01 21:29:24[(305, 1), (367, 0), (522, 0), (2023, 0)]
2016-04-01 21:30:24[(305, 1), (367, 1), (522, 0), (2023, 0)]
2016-04-01 21:31:24[(305, 1), (367, 0), (522, 0), (2023, 0)]
2016-04-01 21:32:24[(305, 1), (367, 0), (522, 0), (2023, 0)]
2016-04-01 21:33:24[(305, 1), (367, 0), (522, 0), (2023, 0)]
2016-04-01 21:34:25[(305, 0), (367, 0), (522, 0), (2023, 0)]
2016-04-01 21:35:25[(305, 2), (367, 0), (522, 0), (2023, 0)]
2016-04-01 21:36:25[(305, 2), (367, 0), (522, 0), (2023, 0)]
2016-04-01 21:37:25[(305, 2), (367, 0), (522, 0), (2023, 0)]
2016-04-01 21:38:25[(305, 1), (367, 0), (522, 0), (2023, 0)]
2016-04-01 21:39:25[(305, 1), (367, 0), (522, 0), (2023, 0)]
2016-04-01 21:40:26[(305, 1), (367, 0), (522, 0), (2023, 0)]
2016-04-01 21:41:26[(305, 1), (367, 0), (522, 0), (2023, 0)]
2016-04-01 21:42:26[(305, 1), (367, 0), (522, 1), (2023, 0)]
2016-04-01 21:43:26[(305, 1), (367, 0), (522, 1), (2023, 0)]
2016-04-01 21:44:26[(305, 1), (367, 0), (522, 1), (2023, 0)]
2016-04-01 21:45:27[(305, 2), (367, 0), (522, 1), (2023, 0)]
2016-04-01 21:46:27[(305, 1), (367, 0), (522, 1), (2023, 0)]
2016-04-01 21:47:27[(305, 0), (367, 0), (522, 0), (2023, 0)]
2016-04-01 21:48:27[(305, 0), (367, 0), (522, 0), (2023, 0)]
2016-04-01 21:49:27[(305, 0), (367, 0), (522, 0), (2023, 0)]
2016-04-01 21:50:28[(305, 0), (367, 0), (522, 0), (2023, 0)]
2016-04-01 21:51:28[(305, 0), (367, 0), (522, 0), (2023, 0)]
2016-04-01 21:52:28[(305, 0), (367, 0), (522, 0), (2023, 0)]
2016-04-01 21:53:28[(305, 3), (367, 0), (522, 0), (2023, 0)]
2016-04-01 21:54:28[(305, 2), (367, 0), (522, 0), (2023, 0)]
2016-04-01 21:55:29[(305, 2), (367, 0), (522, 0), (2023, 0)]
2016-04-01 21:56:29[(305, 1), (367, 0), (522, 0), (2023, 0)]
2016-04-01 21:57:29[(305, 2), (367, 0), (522, 0), (2023, 0)]
2016-04-01 21:58:29[(305, 1), (367, 0), (522, 0), (2023, 0)]
2016-04-01 21:59:29[(305, 1), (367, 0), (522, 0), (2023, 0)]
2016-04-01 22:00:30[(305, 0), (367, 0), (522, 0), (2023, 0)]
2016-04-01 22:01:30[(305, 0), (367, 0), (522, 0), (2023, 0)]
2016-04-01 22:02:30[(305, 1), (367, 0), (522, 0), (2023, 0)]
2016-04-01 22:03:30[(305, 1), (367, 0), (522, 0), (2023, 0)]
2016-04-01 22:04:30[(305, 1), (367, 0), (522, 0), (2023, 0)]
2016-04-01 22:05:30[(305, 1), (367, 0), (522, 0), (2023, 0)]
2016-04-01 22:06:31[(305, 1), (367, 0), (522, 0), (2023, 0)]
2016-04-01 22:07:31[(305, 1), (367, 1), (522, 0), (2023, 0)]
2016-04-01 22:08:31[(305, 0), (367, 1), (522, 0), (2023, 0)]
2016-04-01 22:09:31[(305, 0), (367, 1), (522, 0), (2023, 0)]
2016-04-01 22:10:31[(305, 0), (367, 0), (522, 0), (2023, 0)]
2016-04-01 22:11:31[(305, 0), (367, 0), (522, 0), (2023, 0)]
2016-04-01 22:12:32[(305, 0), (367, 0), (522, 0), (2023, 0)]
2016-04-01 22:13:32[(305, 0), (367, 0), (522, 0), (2023, 0)]
2016-04-01 22:14:32[(305, 0), (367, 0), (522, 0), (2023, 0)]
2016-04-01 22:15:32[(305, 0), (367, 0), (522, 0), (2023, 0)]
2016-04-01 22:16:32[(305, 0), (367, 0), (522, 0), (2023, 0)]
2016-04-01 22:17:33[(305, 0), (367, 1), (522, 0), (2023, 0)]
2016-04-01 22:18:33[(305, 0), (367, 0), (522, 0), (2023, 0)]
2016-04-01 22:19:33[(305, 0), (367, 0), (522, 0), (2023, 0)]
2016-04-01 22:20:33[(305, 0), (367, 0), (522, 0), (2023, 0)]
2016-04-01 22:21:33[(305, 0), (367, 1), (522, 0), (2023, 0)]
2016-04-01 22:22:33[(305, 0), (367, 1), (522, 0), (2023, 0)]
2016-04-01 22:23:33[(305, 0), (367, 1), (522, 0), (2023, 0)]
2016-04-01 22:24:34[(305, 0), (367, 1), (522, 0), (2023, 0)]
2016-04-01 22:25:34[(305, 0), (367, 0), (522, 0), (2023, 0)]
2016-04-01 22:26:34[(305, 0), (367, 0), (522, 0), (2023, 0)]
2016-04-01 22:27:34[(305, 0), (367, 0), (522, 0), (2023, 0)]
2016-04-01 22:28:34[(305, 0), (367, 0), (522, 0), (2023, 0)]
2016-04-01 22:29:35[(305, 0), (367, 0), (522, 0), (2023, 0)]
2016-04-01 22:30:35[(305, 0), (367, 0), (522, 0), (2023, 0)]
2016-04-01 22:31:35[(305, 0), (367, 0), (522, 0), (2023, 0)]
2016-04-01 22:32:35[(305, 0), (367, 0), (522, 0), (2023, 0)]
2016-04-01 22:33:35[(305, 0), (367, 0), (522, 0), (2023, 0)]
2016-04-01 22:34:35[(305, 0), (367, 0), (522, 0), (2023, 0)]
2016-04-01 22:35:36[(305, 0), (367, 0), (522, 0), (2023, 0)]
2016-04-01 22:36:36[(305, 0), (367, 1), (522, 0), (2023, 0)]
2016-04-01 22:37:36[(305, 0), (367, 1), (522, 0), (2023, 0)]
2016-04-01 22:38:36[(305, 0), (367, 0), (522, 0), (2023, 0)]
2016-04-01 22:39:36[(305, 0), (367, 2), (522, 0), (2023, 0)]
2016-04-01 22:40:36[(305, 0), (367, 1), (522, 0), (2023, 0)]
2016-04-01 22:41:37[(305, 0), (367, 1), (522, 0), (2023, 0)]
2016-04-01 22:42:37[(305, 0), (367, 1), (522, 0), (2023, 0)]
2016-04-01 22:43:37[(305, 0), (367, 1), (522, 0), (2023, 0)]
2016-04-01 22:44:37[(305, 0), (367, 2), (522, 0), (2023, 0)]
2016-04-01 22:45:37[(305, 0), (367, 2), (522, 0), (2023, 0)]
2016-04-01 22:46:37[(305, 0), (367, 2), (522, 0), (2023, 0)]
2016-04-01 22:47:38[(305, 0), (367, 2), (522, 0), (2023, 0)]
2016-04-01 22:48:38[(305, 0), (367, 2), (522, 0), (2023, 0)]
2016-04-01 22:49:38[(305, 1), (367, 0), (522, 0), (2023, 0)]
2016-04-01 22:50:38[(305, 2), (367, 0), (522, 0), (2023, 0)]
2016-04-01 22:51:38[(305, 2), (367, 0), (522, 0), (2023, 0)]
2016-04-01 22:52:39[(305, 3), (367, 0), (522, 0), (2023, 0)]
2016-04-01 22:53:39[(305, 3), (367, 0), (522, 0), (2023, 0)]
2016-04-01 22:54:39[(305, 2), (367, 1), (522, 0), (2023, 0)]
2016-04-01 22:55:39[(305, 3), (367, 1), (522, 0), (2023, 0)]
2016-04-01 22:56:41[(305, 3), (367, 1), (522, 0), (2023, 0)]
2016-04-01 22:57:42[(305, 0), (367, 1), (522, 0), (2023, 0)]
2016-04-01 22:58:42[(305, 0), (367, 1), (522, 0), (2023, 0)]
2016-04-01 22:59:42[(305, 0), (367, 2), (522, 0), (2023, 0)]
2016-04-01 23:00:42[(305, 0), (367, 1), (522, 0), (2023, 0)]
2016-04-01 23:01:42[(305, 0), (367, 1), (522, 0), (2023, 0)]
2016-04-01 23:02:42[(305, 0), (367, 1), (522, 0), (2023, 0)]
2016-04-01 23:03:42[(305, 0), (367, 1), (522, 0), (2023, 0)]
2016-04-01 23:04:43[(305, 0), (367, 1), (522, 0), (2023, 0)]
2016-04-01 23:05:43[(305, 0), (367, 1), (522, 0), (2023, 0)]
2016-04-01 23:06:43[(305, 0), (367, 1), (522, 0), (2023, 0)]
2016-04-01 23:07:43[(305, 0), (367, 0), (522, 0), (2023, 0)]
2016-04-01 23:08:43[(305, 0), (367, 0), (522, 0), (2023, 0)]
2016-04-01 23:09:43[(305, 0), (367, 0), (522, 0), (2023, 0)]
2016-04-01 23:10:44[(305, 0), (367, 0), (522, 0), (2023, 0)]
2016-04-01 23:11:44[(305, 0), (367, 1), (522, 0), (2023, 0)]
2016-04-01 23:12:44[(305, 0), (367, 1), (522, 0), (2023, 1)]
2016-04-01 23:13:44[(305, 0), (367, 1), (522, 0), (2023, 1)]
2016-04-01 23:14:44[(305, 0), (367, 2), (522, 0), (2023, 1)]
2016-04-01 23:15:45[(305, 0), (367, 2), (522, 0), (2023, 1)]
2016-04-01 23:16:45[(305, 0), (367, 2), (522, 0), (2023, 1)]
2016-04-01 23:17:45[(305, 1), (367, 2), (522, 0), (2023, 1)]
2016-04-01 23:18:45[(305, 1), (367, 2), (522, 0), (2023, 1)]
2016-04-01 23:19:45[(305, 1), (367, 2), (522, 0), (2023, 1)]
2016-04-01 23:20:46[(305, 1), (367, 2), (522, 0), (2023, 1)]
2016-04-01 23:21:46[(305, 1), (367, 2), (522, 0), (2023, 0)]
2016-04-01 23:22:46[(305, 1), (367, 2), (522, 0), (2023, 0)]
2016-04-01 23:23:46[(305, 2), (367, 1), (522, 0), (2023, 0)]
2016-04-01 23:24:46[(305, 2), (367, 1), (522, 0), (2023, 0)]
2016-04-01 23:25:46[(305, 2), (367, 1), (522, 0), (2023, 0)]
2016-04-01 23:26:47[(305, 2), (367, 1), (522, 0), (2023, 0)]
2016-04-01 23:27:47[(305, 1), (367, 0), (522, 0), (2023, 0)]
2016-04-01 23:28:47[(305, 0), (367, 0), (522, 0), (2023, 0)]
2016-04-01 23:29:47[(305, 0), (367, 0), (522, 0), (2023, 0)]
2016-04-01 23:30:47[(305, 0), (367, 0), (522, 0), (2023, 0)]
2016-04-01 23:31:47[(305, 0), (367, 0), (522, 0), (2023, 0)]
2016-04-01 23:32:48[(305, 0), (367, 0), (522, 0), (2023, 0)]
2016-04-01 23:33:48[(305, 0), (367, 0), (522, 0), (2023, 0)]
2016-04-01 23:34:48[(305, 0), (367, 0), (522, 0), (2023, 0)]
2016-04-01 23:35:48[(305, 0), (367, 0), (522, 0), (2023, 0)]
2016-04-01 23:36:48[(305, 0), (367, 0), (522, 0), (2023, 0)]
2016-04-01 23:37:48[(305, 0), (367, 0), (522, 0), (2023, 0)]
2016-04-01 23:38:49[(305, 0), (367, 0), (522, 0), (2023, 0)]
2016-04-01 23:39:49[(305, 0), (367, 0), (522, 0), (2023, 0)]
2016-04-01 23:40:49[(305, 0), (367, 0), (522, 0), (2023, 0)]
2016-04-01 23:41:49[(305, 1), (367, 0), (522, 0), (2023, 0)]
2016-04-01 23:42:49[(305, 1), (367, 0), (522, 0), (2023, 0)]
2016-04-01 23:43:49[(305, 1), (367, 0), (522, 0), (2023, 0)]
2016-04-01 23:44:50[(305, 1), (367, 0), (522, 0), (2023, 0)]
2016-04-01 23:45:50[(305, 1), (367, 0), (522, 0), (2023, 0)]
2016-04-01 23:46:50[(305, 1), (367, 0), (522, 0), (2023, 0)]
2016-04-01 23:47:50[(305, 1), (367, 0), (522, 0), (2023, 0)]
2016-04-01 23:48:50[(305, 1), (367, 0), (522, 0), (2023, 0)]
2016-04-01 23:49:50[(305, 1), (367, 0), (522, 0), (2023, 1)]
2016-04-01 23:50:51[(305, 1), (367, 0), (522, 0), (2023, 1)]
2016-04-01 23:51:51[(305, 0), (367, 0), (522, 0), (2023, 1)]
2016-04-01 23:52:51[(305, 0), (367, 0), (522, 0), (2023, 1)]
2016-04-01 23:53:51[(305, 0), (367, 0), (522, 0), (2023, 1)]
2016-04-01 23:54:51[(305, 0), (367, 0), (522, 0), (2023, 1)]
2016-04-01 23:55:52[(305, 0), (367, 0), (522, 0), (2023, 0)]
2016-04-01 23:56:52[(305, 0), (367, 1), (522, 0), (2023, 0)]
2016-04-01 23:57:52[(305, 0), (367, 1), (522, 0), (2023, 0)]
2016-04-01 23:58:52[(305, 0), (367, 1), (522, 0), (2023, 0)]
2016-04-01 23:59:52[(305, 0), (367, 1), (522, 0), (2023, 0)]
2016-04-02 00:00:53[(305, 0), (367, 1), (522, 0), (2023, 0)]
2016-04-02 00:01:53[(305, 0), (367, 1), (522, 0), (2023, 0)]
2016-04-02 00:02:53[(305, 0), (367, 1), (522, 0), (2023, 0)]
2016-04-02 00:03:53[(305, 0), (367, 1), (522, 0), (2023, 0)]
2016-04-02 00:04:53[(305, 0), (367, 1), (522, 0), (2023, 0)]
2016-04-02 00:05:54[(305, 0), (367, 1), (522, 0), (2023, 0)]
2016-04-02 00:06:54[(305, 0), (367, 1), (522, 0), (2023, 0)]
2016-04-02 00:07:54[(305, 0), (367, 1), (522, 0), (2023, 0)]
2016-04-02 00:08:54[(305, 1), (367, 0), (522, 0), (2023, 0)]
2016-04-02 00:09:54[(305, 1), (367, 0), (522, 0), (2023, 0)]
2016-04-02 00:10:54[(305, 1), (367, 0), (522, 0), (2023, 0)]
2016-04-02 00:11:55[(305, 1), (367, 0), (522, 0), (2023, 0)]
2016-04-02 00:12:55[(305, 1), (367, 0), (522, 0), (2023, 0)]
2016-04-02 00:13:55[(305, 1), (367, 0), (522, 0), (2023, 0)]
2016-04-02 00:14:55[(305, 1), (367, 0), (522, 1), (2023, 0)]
2016-04-02 00:15:55[(305, 1), (367, 0), (522, 1), (2023, 0)]
2016-04-02 00:16:56[(305, 1), (367, 0), (522, 0), (2023, 1)]
2016-04-02 00:17:56[(305, 1), (367, 0), (522, 0), (2023, 1)]
2016-04-02 00:18:56[(305, 1), (367, 0), (522, 0), (2023, 1)]
2016-04-02 00:19:56[(305, 1), (367, 0), (522, 0), (2023, 1)]
2016-04-02 00:20:56[(305, 1), (367, 0), (522, 0), (2023, 1)]
2016-04-02 00:21:57[(305, 1), (367, 0), (522, 0), (2023, 0)]
2016-04-02 00:22:57[(305, 1), (367, 0), (522, 0), (2023, 0)]
2016-04-02 00:23:57[(305, 1), (367, 0), (522, 0), (2023, 0)]
2016-04-02 00:24:57[(305, 1), (367, 0), (522, 0), (2023, 0)]
2016-04-02 00:25:58[(305, 0), (367, 0), (522, 0), (2023, 0)]
2016-04-02 00:26:58[(305, 0), (367, 0), (522, 0), (2023, 0)]
2016-04-02 00:27:58[(305, 0), (367, 0), (522, 0), (2023, 0)]
2016-04-02 00:28:58[(305, 0), (367, 0), (522, 0), (2023, 0)]
2016-04-02 00:29:58[(305, 0), (367, 0), (522, 0), (2023, 0)]
2016-04-02 00:30:58[(305, 0), (367, 0), (522, 0), (2023, 0)]
2016-04-02 00:31:59[(305, 0), (367, 0), (522, 0), (2023, 0)]
2016-04-02 00:32:59[(305, 0), (367, 0), (522, 0), (2023, 0)]
2016-04-02 00:33:59[(305, 0), (367, 0), (522, 0), (2023, 0)]
2016-04-02 00:34:59[(305, 0), (367, 0), (522, 0), (2023, 0)]
2016-04-02 00:36:00[(305, 0), (367, 0), (522, 0), (2023, 0)]
2016-04-02 00:37:00[(305, 0), (367, 1), (522, 0), (2023, 0)]
2016-04-02 00:38:00[(305, 0), (367, 1), (522, 0), (2023, 0)]
2016-04-02 00:39:00[(305, 0), (367, 1), (522, 0), (2023, 0)]
2016-04-02 00:40:01[(305, 0), (367, 2), (522, 0), (2023, 0)]
2016-04-02 00:41:01[(305, 0), (367, 2), (522, 0), (2023, 0)]
2016-04-02 00:42:01[(305, 0), (367, 2), (522, 0), (2023, 0)]
2016-04-02 00:43:01[(305, 0), (367, 1), (522, 0), (2023, 0)]
2016-04-02 00:44:01[(305, 0), (367, 2), (522, 0), (2023, 0)]
2016-04-02 00:45:02[(305, 0), (367, 2), (522, 0), (2023, 0)]
2016-04-02 00:46:02[(305, 0), (367, 2), (522, 0), (2023, 0)]
2016-04-02 00:47:02[(305, 0), (367, 2), (522, 0), (2023, 0)]
2016-04-02 00:48:02[(305, 0), (367, 2), (522, 0), (2023, 0)]
2016-04-02 00:49:02[(305, 0), (367, 2), (522, 0), (2023, 0)]
2016-04-02 00:50:03[(305, 0), (367, 2), (522, 0), (2023, 0)]
2016-04-02 00:51:03[(305, 0), (367, 2), (522, 0), (2023, 0)]
2016-04-02 00:52:03[(305, 0), (367, 0), (522, 0), (2023, 0)]
2016-04-02 00:53:03[(305, 0), (367, 0), (522, 0), (2023, 0)]
2016-04-02 00:54:03[(305, 0), (367, 0), (522, 0), (2023, 0)]
2016-04-02 00:55:04[(305, 0), (367, 0), (522, 0), (2023, 0)]
2016-04-02 00:56:04[(305, 0), (367, 0), (522, 0), (2023, 0)]
2016-04-02 00:57:04[(305, 0), (367, 0), (522, 0), (2023, 0)]
2016-04-02 00:58:04[(305, 0), (367, 0), (522, 0), (2023, 0)]
2016-04-02 00:59:04[(305, 0), (367, 0), (522, 0), (2023, 0)]
2016-04-02 01:00:04[(305, 0), (367, 0), (522, 0), (2023, 0)]
2016-04-02 01:01:05[(305, 0), (367, 0), (522, 0), (2023, 0)]
2016-04-02 01:02:05[(305, 0), (367, 0), (522, 0), (2023, 0)]
2016-04-02 01:03:05[(305, 0), (367, 0), (522, 0), (2023, 0)]
2016-04-02 01:04:05[(305, 0), (367, 0), (522, 0), (2023, 0)]
2016-04-02 01:05:06[(305, 0), (367, 0), (522, 0), (2023, 0)]
2016-04-02 01:06:06[(305, 0), (367, 0), (522, 0), (2023, 0)]
2016-04-02 01:07:06[(305, 0), (367, 0), (522, 0), (2023, 0)]
2016-04-02 01:08:06[(305, 0), (367, 0), (522, 0), (2023, 0)]
2016-04-02 01:09:06[(305, 0), (367, 0), (522, 0), (2023, 0)]
2016-04-02 01:10:07[(305, 0), (367, 0), (522, 0), (2023, 0)]
2016-04-02 01:11:07[(305, 0), (367, 0), (522, 0), (2023, 0)]
2016-04-02 01:12:07[(305, 0), (367, 2), (522, 0), (2023, 0)]
2016-04-02 01:13:07[(305, 0), (367, 2), (522, 0), (2023, 0)]
2016-04-02 01:14:07[(305, 0), (367, 2), (522, 0), (2023, 0)]
2016-04-02 01:15:08[(305, 0), (367, 0), (522, 0), (2023, 0)]
2016-04-02 01:16:08[(305, 0), (367, 0), (522, 0), (2023, 0)]
2016-04-02 01:17:08[(305, 0), (367, 0), (522, 0), (2023, 0)]
2016-04-02 01:18:08[(305, 0), (367, 0), (522, 0), (2023, 0)]
2016-04-02 01:19:08[(305, 0), (367, 0), (522, 0), (2023, 0)]
2016-04-02 01:20:08[(305, 0), (367, 0), (522, 0), (2023, 0)]
2016-04-02 01:21:09[(305, 0), (367, 0), (522, 0), (2023, 0)]
2016-04-02 01:22:09[(305, 0), (367, 0), (522, 0), (2023, 0)]
2016-04-02 01:23:09[(305, 0), (367, 0), (522, 0), (2023, 0)]
2016-04-02 01:24:09[(305, 0), (367, 0), (522, 0), (2023, 0)]
2016-04-02 01:25:10[(305, 0), (367, 0), (522, 0), (2023, 0)]
2016-04-02 01:26:10[(305, 0), (367, 0), (522, 0), (2023, 0)]
2016-04-02 01:27:10[(305, 0), (367, 0), (522, 0), (2023, 0)]
2016-04-02 01:28:10[(305, 0), (367, 0), (522, 0), (2023, 0)]
2016-04-02 01:29:10[(305, 0), (367, 0), (522, 0), (2023, 0)]
2016-04-02 01:30:11[(305, 0), (367, 0), (522, 0), (2023, 0)]
2016-04-02 01:31:11[(305, 0), (367, 0), (522, 0), (2023, 0)]
2016-04-02 01:32:11[(305, 0), (367, 0), (522, 0), (2023, 0)]
2016-04-02 01:33:11[(305, 0), (367, 0), (522, 0), (2023, 0)]
2016-04-02 01:34:11[(305, 0), (367, 0), (522, 0), (2023, 0)]
2016-04-02 01:35:12[(305, 0), (367, 0), (522, 0), (2023, 0)]
2016-04-02 01:36:12[(305, 0), (367, 0), (522, 0), (2023, 0)]
2016-04-02 01:37:12[(305, 0), (367, 0), (522, 0), (2023, 0)]
2016-04-02 01:38:12[(305, 0), (367, 0), (522, 0), (2023, 0)]
2016-04-02 01:39:12[(305, 0), (367, 0), (522, 0), (2023, 0)]
2016-04-02 01:40:12[(305, 0), (367, 0), (522, 0), (2023, 0)]
2016-04-02 01:41:13[(305, 0), (367, 0), (522, 1), (2023, 0)]
2016-04-02 01:42:13[(305, 0), (367, 0), (522, 1), (2023, 0)]
2016-04-02 01:43:13[(305, 0), (367, 0), (522, 1), (2023, 0)]
2016-04-02 01:44:13[(305, 0), (367, 0), (522, 1), (2023, 0)]
2016-04-02 01:45:13[(305, 0), (367, 0), (522, 1), (2023, 4)]
2016-04-02 01:46:14[(305, 0), (367, 0), (522, 1), (2023, 4)]
2016-04-02 01:47:14[(305, 0), (367, 0), (522, 1), (2023, 4)]
2016-04-02 01:48:14[(305, 0), (367, 0), (522, 1), (2023, 4)]
2016-04-02 01:49:14[(305, 0), (367, 0), (522, 1), (2023, 4)]
2016-04-02 01:50:14[(305, 0), (367, 0), (522, 1), (2023, 4)]
2016-04-02 01:51:15[(305, 0), (367, 0), (522, 1), (2023, 4)]
2016-04-02 01:52:15[(305, 0), (367, 0), (522, 1), (2023, 4)]
2016-04-02 01:53:15[(305, 0), (367, 0), (522, 1), (2023, 4)]
2016-04-02 01:54:15[(305, 0), (367, 0), (522, 1), (2023, 4)]
2016-04-02 01:55:15[(305, 0), (367, 0), (522, 1), (2023, 4)]
2016-04-02 01:56:15[(305, 0), (367, 0), (522, 1), (2023, 4)]
2016-04-02 01:57:16[(305, 0), (367, 0), (522, 1), (2023, 4)]
2016-04-02 01:58:16[(305, 0), (367, 0), (522, 1), (2023, 3)]
2016-04-02 01:59:16[(305, 0), (367, 0), (522, 1), (2023, 3)]
2016-04-02 02:00:16[(305, 0), (367, 0), (522, 1), (2023, 3)]
2016-04-02 02:01:16[(305, 0), (367, 0), (522, 1), (2023, 2)]
2016-04-02 02:02:17[(305, 0), (367, 0), (522, 1), (2023, 2)]
2016-04-02 02:03:17[(305, 0), (367, 0), (522, 1), (2023, 2)]
2016-04-02 02:04:17[(305, 0), (367, 0), (522, 1), (2023, 1)]
2016-04-02 02:05:17[(305, 0), (367, 0), (522, 1), (2023, 1)]
2016-04-02 02:06:17[(305, 0), (367, 0), (522, 1), (2023, 1)]
2016-04-02 02:07:18[(305, 0), (367, 0), (522, 1), (2023, 1)]
2016-04-02 02:08:18[(305, 0), (367, 0), (522, 1), (2023, 1)]
2016-04-02 02:09:18[(305, 0), (367, 0), (522, 1), (2023, 1)]
2016-04-02 02:10:18[(305, 0), (367, 0), (522, 1), (2023, 1)]
2016-04-02 02:11:18[(305, 0), (367, 0), (522, 1), (2023, 1)]
2016-04-02 02:12:18[(305, 0), (367, 0), (522, 1), (2023, 1)]
2016-04-02 02:13:19[(305, 0), (367, 0), (522, 1), (2023, 1)]
2016-04-02 02:14:19[(305, 0), (367, 0), (522, 1), (2023, 1)]
2016-04-02 02:15:19[(305, 0), (367, 0), (522, 1), (2023, 1)]
2016-04-02 02:16:19[(305, 0), (367, 0), (522, 1), (2023, 1)]
2016-04-02 02:17:19[(305, 0), (367, 0), (522, 2), (2023, 1)]
2016-04-02 02:18:20[(305, 0), (367, 0), (522, 2), (2023, 1)]
2016-04-02 02:19:20[(305, 0), (367, 0), (522, 2), (2023, 1)]
2016-04-02 02:20:20[(305, 0), (367, 0), (522, 1), (2023, 1)]
2016-04-02 02:21:20[(305, 0), (367, 0), (522, 1), (2023, 1)]
2016-04-02 02:22:20[(305, 0), (367, 0), (522, 1), (2023, 1)]
2016-04-02 02:23:20[(305, 0), (367, 0), (522, 1), (2023, 0)]
2016-04-02 02:24:21[(305, 0), (367, 0), (522, 1), (2023, 0)]
2016-04-02 02:25:21[(305, 0), (367, 0), (522, 1), (2023, 0)]
2016-04-02 02:26:21[(305, 0), (367, 0), (522, 1), (2023, 0)]
2016-04-02 02:27:21[(305, 0), (367, 0), (522, 1), (2023, 0)]
2016-04-02 02:28:21[(305, 0), (367, 0), (522, 1), (2023, 0)]
2016-04-02 02:29:22[(305, 0), (367, 0), (522, 1), (2023, 0)]
2016-04-02 02:30:22[(305, 0), (367, 0), (522, 1), (2023, 0)]
2016-04-02 02:31:22[(305, 0), (367, 0), (522, 0), (2023, 0)]
2016-04-02 02:32:22[(305, 0), (367, 0), (522, 0), (2023, 0)]
2016-04-02 02:33:22[(305, 0), (367, 0), (522, 0), (2023, 0)]
2016-04-02 02:34:22[(305, 0), (367, 0), (522, 0), (2023, 0)]
2016-04-02 02:35:23[(305, 0), (367, 0), (522, 0), (2023, 0)]
2016-04-02 02:36:23[(305, 0), (367, 0), (522, 0), (2023, 0)]
2016-04-02 02:37:23[(305, 0), (367, 0), (522, 0), (2023, 0)]
2016-04-02 02:38:23[(305, 0), (367, 0), (522, 0), (2023, 0)]
2016-04-02 02:39:23[(305, 0), (367, 0), (522, 0), (2023, 0)]
2016-04-02 02:40:24[(305, 0), (367, 0), (522, 0), (2023, 0)]
2016-04-02 02:41:24[(305, 0), (367, 0), (522, 0), (2023, 0)]
2016-04-02 02:42:24[(305, 0), (367, 0), (522, 0), (2023, 0)]
2016-04-02 02:43:24[(305, 0), (367, 0), (522, 0), (2023, 0)]
2016-04-02 02:44:24[(305, 0), (367, 0), (522, 0), (2023, 0)]
2016-04-02 02:45:24[(305, 0), (367, 0), (522, 0), (2023, 0)]
2016-04-02 02:46:25[(305, 0), (367, 0), (522, 0), (2023, 0)]
2016-04-02 02:47:25[(305, 0), (367, 0), (522, 0), (2023, 0)]
2016-04-02 02:48:25[(305, 0), (367, 0), (522, 0), (2023, 0)]
2016-04-02 02:49:25[(305, 0), (367, 0), (522, 0), (2023, 0)]
2016-04-02 02:50:25[(305, 0), (367, 0), (522, 0), (2023, 0)]
2016-04-02 02:51:26[(305, 0), (367, 0), (522, 0), (2023, 0)]
2016-04-02 02:52:26[(305, 0), (367, 0), (522, 0), (2023, 0)]
2016-04-02 02:53:26[(305, 0), (367, 0), (522, 0), (2023, 0)]
2016-04-02 02:54:26[(305, 0), (367, 0), (522, 0), (2023, 0)]
2016-04-02 02:55:26[(305, 0), (367, 0), (522, 0), (2023, 0)]
2016-04-02 02:56:26[(305, 0), (367, 0), (522, 0), (2023, 0)]
2016-04-02 02:57:27[(305, 1), (367, 0), (522, 0), (2023, 0)]
2016-04-02 02:58:27[(305, 1), (367, 0), (522, 0), (2023, 0)]
2016-04-02 02:59:27[(305, 1), (367, 0), (522, 0), (2023, 0)]
2016-04-02 03:00:27[(305, 1), (367, 0), (522, 0), (2023, 0)]
2016-04-02 03:01:27[(305, 1), (367, 0), (522, 0), (2023, 0)]
2016-04-02 03:02:28[(305, 1), (367, 0), (522, 0), (2023, 0)]
2016-04-02 03:03:28[(305, 1), (367, 0), (522, 0), (2023, 0)]
2016-04-02 03:04:28[(305, 1), (367, 0), (522, 0), (2023, 0)]
2016-04-02 03:05:28[(305, 1), (367, 0), (522, 0), (2023, 0)]
2016-04-02 03:06:28[(305, 1), (367, 0), (522, 0), (2023, 0)]
2016-04-02 03:07:28[(305, 1), (367, 0), (522, 0), (2023, 0)]
2016-04-02 03:08:29[(305, 1), (367, 0), (522, 0), (2023, 0)]
2016-04-02 03:09:29[(305, 1), (367, 0), (522, 0), (2023, 0)]
2016-04-02 03:10:29[(305, 1), (367, 0), (522, 0), (2023, 0)]
2016-04-02 03:11:29[(305, 1), (367, 0), (522, 0), (2023, 0)]
2016-04-02 03:12:29[(305, 1), (367, 0), (522, 0), (2023, 0)]
2016-04-02 03:13:29[(305, 1), (367, 0), (522, 0), (2023, 0)]
2016-04-02 03:14:30[(305, 1), (367, 0), (522, 0), (2023, 0)]
2016-04-02 03:15:30[(305, 1), (367, 0), (522, 0), (2023, 0)]
2016-04-02 03:16:30[(305, 1), (367, 0), (522, 0), (2023, 0)]
2016-04-02 03:17:30[(305, 1), (367, 0), (522, 0), (2023, 0)]
2016-04-02 03:18:30[(305, 1), (367, 0), (522, 0), (2023, 0)]
2016-04-02 03:19:31[(305, 1), (367, 2), (522, 0), (2023, 0)]
2016-04-02 03:20:31[(305, 1), (367, 2), (522, 0), (2023, 0)]
2016-04-02 03:21:31[(305, 1), (367, 2), (522, 0), (2023, 0)]
2016-04-02 03:22:31[(305, 1), (367, 2), (522, 0), (2023, 0)]
2016-04-02 03:23:31[(305, 1), (367, 2), (522, 0), (2023, 0)]
2016-04-02 03:24:31[(305, 1), (367, 2), (522, 0), (2023, 0)]
2016-04-02 03:25:32[(305, 1), (367, 2), (522, 0), (2023, 0)]
2016-04-02 03:26:32[(305, 2), (367, 2), (522, 0), (2023, 0)]
2016-04-02 03:27:32[(305, 2), (367, 2), (522, 0), (2023, 0)]
2016-04-02 03:28:32[(305, 2), (367, 1), (522, 0), (2023, 0)]
2016-04-02 03:29:32[(305, 2), (367, 0), (522, 0), (2023, 0)]
2016-04-02 03:30:32[(305, 2), (367, 1), (522, 0), (2023, 0)]
2016-04-02 03:31:33[(305, 2), (367, 1), (522, 0), (2023, 0)]
2016-04-02 03:32:33[(305, 2), (367, 0), (522, 0), (2023, 0)]
2016-04-02 03:33:33[(305, 2), (367, 0), (522, 0), (2023, 0)]
2016-04-02 03:34:33[(305, 2), (367, 1), (522, 0), (2023, 0)]
2016-04-02 03:35:33[(305, 2), (367, 1), (522, 0), (2023, 0)]
2016-04-02 03:36:34[(305, 2), (367, 1), (522, 0), (2023, 0)]
2016-04-02 03:37:34[(305, 2), (367, 1), (522, 0), (2023, 0)]
2016-04-02 03:38:34[(305, 2), (367, 1), (522, 0), (2023, 0)]
2016-04-02 03:39:34[(305, 2), (367, 1), (522, 0), (2023, 0)]
2016-04-02 03:40:34[(305, 2), (367, 1), (522, 0), (2023, 0)]
2016-04-02 03:41:34[(305, 2), (367, 1), (522, 0), (2023, 0)]
2016-04-02 03:42:35[(305, 2), (367, 1), (522, 0), (2023, 0)]
2016-04-02 03:43:35[(305, 2), (367, 1), (522, 0), (2023, 0)]
2016-04-02 03:44:35[(305, 2), (367, 1), (522, 0), (2023, 0)]
2016-04-02 03:45:35[(305, 2), (367, 1), (522, 0), (2023, 0)]
2016-04-02 03:46:35[(305, 2), (367, 1), (522, 0), (2023, 0)]
2016-04-02 03:47:36[(305, 2), (367, 1), (522, 0), (2023, 0)]
2016-04-02 03:48:36[(305, 2), (367, 1), (522, 0), (2023, 0)]
2016-04-02 03:49:36[(305, 2), (367, 1), (522, 0), (2023, 0)]
2016-04-02 03:50:36[(305, 2), (367, 1), (522, 0), (2023, 0)]
2016-04-02 03:51:36[(305, 2), (367, 1), (522, 0), (2023, 0)]
2016-04-02 03:52:37[(305, 2), (367, 1), (522, 0), (2023, 0)]
2016-04-02 03:53:37[(305, 2), (367, 1), (522, 0), (2023, 0)]
2016-04-02 03:54:37[(305, 2), (367, 1), (522, 0), (2023, 0)]
2016-04-02 03:55:37[(305, 2), (367, 1), (522, 0), (2023, 0)]
2016-04-02 03:56:37[(305, 2), (367, 1), (522, 0), (2023, 0)]
2016-04-02 03:57:37[(305, 2), (367, 1), (522, 0), (2023, 0)]
2016-04-02 03:58:38[(305, 2), (367, 1), (522, 0), (2023, 0)]
2016-04-02 03:59:38[(305, 2), (367, 1), (522, 0), (2023, 0)]
2016-04-02 04:00:38[(305, 2), (367, 1), (522, 0), (2023, 0)]
2016-04-02 04:01:38[(305, 2), (367, 1), (522, 0), (2023, 0)]
2016-04-02 04:02:38[(305, 2), (367, 1), (522, 0), (2023, 0)]
2016-04-02 04:03:38[(305, 2), (367, 1), (522, 0), (2023, 0)]
2016-04-02 04:04:39[(305, 2), (367, 1), (522, 0), (2023, 0)]
2016-04-02 04:05:39[(305, 2), (367, 1), (522, 0), (2023, 0)]
2016-04-02 04:06:41[(305, 2), (367, 1), (522, 0), (2023, 0)]
2016-04-02 04:07:41[(305, 2), (367, 1), (522, 0), (2023, 0)]
2016-04-02 04:08:42[(305, 2), (367, 1), (522, 0), (2023, 0)]
2016-04-02 04:09:42[(305, 2), (367, 1), (522, 0), (2023, 0)]
2016-04-02 04:10:42[(305, 2), (367, 1), (522, 0), (2023, 0)]
2016-04-02 04:11:42[(305, 2), (367, 1), (522, 0), (2023, 0)]
2016-04-02 04:12:43[(305, 2), (367, 1), (522, 0), (2023, 0)]
2016-04-02 04:13:43[(305, 2), (367, 1), (522, 0), (2023, 0)]
2016-04-02 04:14:43[(305, 2), (367, 1), (522, 0), (2023, 0)]
2016-04-02 04:15:43[(305, 2), (367, 1), (522, 0), (2023, 0)]
2016-04-02 04:16:43[(305, 2), (367, 1), (522, 0), (2023, 0)]
2016-04-02 04:17:44[(305, 2), (367, 1), (522, 0), (2023, 0)]
2016-04-02 04:18:44[(305, 2), (367, 1), (522, 0), (2023, 0)]
2016-04-02 04:19:44[(305, 2), (367, 1), (522, 0), (2023, 0)]
2016-04-02 04:20:44[(305, 2), (367, 1), (522, 0), (2023, 0)]
2016-04-02 04:21:44[(305, 2), (367, 1), (522, 0), (2023, 0)]
2016-04-02 04:22:45[(305, 2), (367, 1), (522, 0), (2023, 0)]
2016-04-02 04:23:45[(305, 2), (367, 1), (522, 0), (2023, 0)]
2016-04-02 04:24:45[(305, 2), (367, 1), (522, 0), (2023, 0)]
2016-04-02 04:25:45[(305, 2), (367, 1), (522, 0), (2023, 0)]
2016-04-02 04:26:45[(305, 2), (367, 1), (522, 0), (2023, 0)]
2016-04-02 04:27:46[(305, 2), (367, 1), (522, 0), (2023, 0)]
2016-04-02 04:28:46[(305, 2), (367, 1), (522, 0), (2023, 0)]
2016-04-02 04:29:46[(305, 2), (367, 1), (522, 0), (2023, 0)]
2016-04-02 04:30:46[(305, 2), (367, 1), (522, 0), (2023, 0)]
2016-04-02 04:31:46[(305, 2), (367, 1), (522, 0), (2023, 0)]
2016-04-02 04:32:47[(305, 2), (367, 1), (522, 0), (2023, 0)]
2016-04-02 04:33:47[(305, 2), (367, 1), (522, 0), (2023, 0)]
2016-04-02 04:34:47[(305, 2), (367, 1), (522, 0), (2023, 0)]
2016-04-02 04:35:47[(305, 2), (367, 1), (522, 0), (2023, 0)]
2016-04-02 04:36:47[(305, 2), (367, 1), (522, 0), (2023, 0)]
2016-04-02 04:37:48[(305, 2), (367, 1), (522, 0), (2023, 0)]
2016-04-02 04:38:48[(305, 2), (367, 1), (522, 0), (2023, 0)]
2016-04-02 04:39:48[(305, 2), (367, 1), (522, 0), (2023, 0)]
2016-04-02 04:40:48[(305, 2), (367, 1), (522, 0), (2023, 0)]
2016-04-02 04:41:48[(305, 2), (367, 1), (522, 0), (2023, 0)]
2016-04-02 04:42:49[(305, 2), (367, 1), (522, 0), (2023, 0)]
2016-04-02 04:43:49[(305, 2), (367, 1), (522, 0), (2023, 0)]
2016-04-02 04:44:49[(305, 2), (367, 1), (522, 0), (2023, 0)]
2016-04-02 04:45:49[(305, 2), (367, 1), (522, 0), (2023, 0)]
2016-04-02 04:46:49[(305, 2), (367, 1), (522, 0), (2023, 0)]
2016-04-02 04:47:50[(305, 2), (367, 1), (522, 0), (2023, 0)]
2016-04-02 04:48:50[(305, 1), (367, 1), (522, 0), (2023, 0)]
2016-04-02 04:49:50[(305, 1), (367, 1), (522, 0), (2023, 0)]
2016-04-02 04:50:50[(305, 1), (367, 1), (522, 0), (2023, 0)]
2016-04-02 04:51:50[(305, 1), (367, 1), (522, 0), (2023, 0)]
2016-04-02 04:52:51[(305, 1), (367, 1), (522, 0), (2023, 0)]
2016-04-02 04:53:51[(305, 1), (367, 1), (522, 0), (2023, 0)]
2016-04-02 04:54:51[(305, 1), (367, 1), (522, 0), (2023, 0)]
2016-04-02 04:55:51[(305, 1), (367, 1), (522, 0), (2023, 0)]
2016-04-02 04:56:52[(305, 1), (367, 1), (522, 0), (2023, 0)]
2016-04-02 04:57:52[(305, 1), (367, 1), (522, 0), (2023, 0)]
2016-04-02 04:58:52[(305, 1), (367, 1), (522, 0), (2023, 0)]
2016-04-02 04:59:52[(305, 1), (367, 1), (522, 0), (2023, 0)]
2016-04-02 05:00:52[(305, 1), (367, 1), (522, 0), (2023, 0)]
2016-04-02 05:01:53[(305, 1), (367, 1), (522, 0), (2023, 0)]
2016-04-02 05:02:53[(305, 1), (367, 1), (522, 0), (2023, 0)]
2016-04-02 05:03:53[(305, 1), (367, 1), (522, 0), (2023, 0)]
2016-04-02 05:04:53[(305, 1), (367, 1), (522, 0), (2023, 0)]
2016-04-02 05:05:53[(305, 1), (367, 1), (522, 0), (2023, 0)]
2016-04-02 05:06:54[(305, 0), (367, 1), (522, 0), (2023, 0)]
2016-04-02 05:07:54[(305, 0), (367, 1), (522, 0), (2023, 0)]
2016-04-02 05:08:54[(305, 0), (367, 1), (522, 0), (2023, 0)]
2016-04-02 05:09:54[(305, 0), (367, 1), (522, 0), (2023, 0)]
2016-04-02 05:10:54[(305, 0), (367, 1), (522, 0), (2023, 0)]
2016-04-02 05:11:55[(305, 0), (367, 1), (522, 0), (2023, 0)]
2016-04-02 05:12:55[(305, 0), (367, 1), (522, 0), (2023, 0)]
2016-04-02 05:13:55[(305, 0), (367, 1), (522, 0), (2023, 0)]
2016-04-02 05:14:55[(305, 0), (367, 1), (522, 0), (2023, 0)]
2016-04-02 05:15:56[(305, 0), (367, 1), (522, 0), (2023, 0)]
2016-04-02 05:16:56[(305, 0), (367, 1), (522, 0), (2023, 0)]
2016-04-02 05:17:56[(305, 0), (367, 1), (522, 0), (2023, 0)]
2016-04-02 05:18:56[(305, 0), (367, 1), (522, 0), (2023, 0)]
2016-04-02 05:19:56[(305, 0), (367, 1), (522, 0), (2023, 0)]
2016-04-02 05:20:57[(305, 0), (367, 1), (522, 0), (2023, 0)]
2016-04-02 05:21:57[(305, 0), (367, 1), (522, 0), (2023, 0)]
2016-04-02 05:22:57[(305, 0), (367, 1), (522, 0), (2023, 0)]
2016-04-02 05:23:57[(305, 0), (367, 1), (522, 0), (2023, 0)]
2016-04-02 05:24:57[(305, 0), (367, 1), (522, 0), (2023, 0)]
2016-04-02 05:25:58[(305, 0), (367, 1), (522, 0), (2023, 0)]
2016-04-02 05:26:58[(305, 0), (367, 1), (522, 0), (2023, 0)]
2016-04-02 05:27:58[(305, 0), (367, 1), (522, 0), (2023, 0)]
2016-04-02 05:28:58[(305, 0), (367, 1), (522, 0), (2023, 0)]
2016-04-02 05:29:58[(305, 0), (367, 1), (522, 0), (2023, 0)]
2016-04-02 05:30:59[(305, 0), (367, 1), (522, 0), (2023, 0)]
2016-04-02 05:31:59[(305, 0), (367, 1), (522, 0), (2023, 0)]
2016-04-02 05:32:59[(305, 0), (367, 1), (522, 0), (2023, 0)]
2016-04-02 05:33:59[(305, 0), (367, 1), (522, 0), (2023, 0)]
2016-04-02 05:34:59[(305, 0), (367, 1), (522, 0), (2023, 0)]
2016-04-02 05:36:00[(305, 0), (367, 1), (522, 0), (2023, 0)]
2016-04-02 05:37:00[(305, 0), (367, 1), (522, 0), (2023, 0)]
2016-04-02 05:38:00[(305, 0), (367, 1), (522, 0), (2023, 0)]
2016-04-02 05:39:00[(305, 0), (367, 1), (522, 0), (2023, 0)]
2016-04-02 05:40:01[(305, 0), (367, 1), (522, 0), (2023, 0)]
2016-04-02 05:41:01[(305, 0), (367, 1), (522, 0), (2023, 0)]
2016-04-02 05:42:01[(305, 0), (367, 1), (522, 0), (2023, 0)]
2016-04-02 05:43:01[(305, 0), (367, 1), (522, 0), (2023, 0)]
2016-04-02 05:44:01[(305, 0), (367, 1), (522, 0), (2023, 0)]
2016-04-02 05:45:02[(305, 0), (367, 1), (522, 0), (2023, 0)]
2016-04-02 05:46:02[(305, 0), (367, 1), (522, 0), (2023, 0)]
2016-04-02 05:47:02[(305, 0), (367, 1), (522, 0), (2023, 0)]
2016-04-02 05:48:02[(305, 0), (367, 1), (522, 0), (2023, 0)]
2016-04-02 05:49:03[(305, 0), (367, 1), (522, 0), (2023, 0)]
2016-04-02 05:50:03[(305, 0), (367, 1), (522, 0), (2023, 0)]
2016-04-02 05:51:03[(305, 0), (367, 1), (522, 0), (2023, 0)]
2016-04-02 05:52:03[(305, 3), (367, 1), (522, 0), (2023, 0)]
2016-04-02 05:53:04[(305, 3), (367, 1), (522, 0), (2023, 0)]
2016-04-02 05:54:04[(305, 3), (367, 1), (522, 0), (2023, 0)]
2016-04-02 05:55:04[(305, 4), (367, 1), (522, 0), (2023, 0)]
2016-04-02 05:56:04[(305, 4), (367, 1), (522, 0), (2023, 0)]
2016-04-02 05:57:05[(305, 4), (367, 1), (522, 0), (2023, 0)]
2016-04-02 05:58:05[(305, 4), (367, 1), (522, 0), (2023, 0)]
2016-04-02 05:59:05[(305, 4), (367, 1), (522, 0), (2023, 0)]
2016-04-02 06:00:05[(305, 4), (367, 1), (522, 0), (2023, 0)]
2016-04-02 06:01:05[(305, 4), (367, 1), (522, 0), (2023, 0)]
2016-04-02 06:02:06[(305, 4), (367, 1), (522, 0), (2023, 0)]
2016-04-02 06:03:06[(305, 4), (367, 1), (522, 0), (2023, 0)]
2016-04-02 06:04:06[(305, 4), (367, 1), (522, 0), (2023, 0)]
2016-04-02 06:05:06[(305, 4), (367, 1), (522, 0), (2023, 0)]
2016-04-02 06:06:06[(305, 4), (367, 1), (522, 0), (2023, 0)]
2016-04-02 06:07:07[(305, 4), (367, 1), (522, 0), (2023, 0)]
2016-04-02 06:08:07[(305, 4), (367, 1), (522, 0), (2023, 0)]
2016-04-02 06:09:07[(305, 4), (367, 1), (522, 0), (2023, 0)]
2016-04-02 06:10:07[(305, 4), (367, 1), (522, 0), (2023, 0)]
2016-04-02 06:11:08[(305, 4), (367, 1), (522, 0), (2023, 0)]
2016-04-02 06:12:08[(305, 4), (367, 1), (522, 0), (2023, 0)]
2016-04-02 06:13:08[(305, 4), (367, 1), (522, 0), (2023, 0)]
2016-04-02 06:14:08[(305, 4), (367, 1), (522, 0), (2023, 0)]
2016-04-02 06:15:08[(305, 4), (367, 1), (522, 0), (2023, 0)]
2016-04-02 06:16:09[(305, 4), (367, 1), (522, 0), (2023, 0)]
2016-04-02 06:17:09[(305, 4), (367, 1), (522, 0), (2023, 0)]
2016-04-02 06:18:09[(305, 4), (367, 1), (522, 0), (2023, 0)]
2016-04-02 06:19:09[(305, 4), (367, 1), (522, 0), (2023, 0)]
2016-04-02 06:20:10[(305, 4), (367, 1), (522, 0), (2023, 0)]
2016-04-02 06:21:10[(305, 4), (367, 1), (522, 0), (2023, 0)]
2016-04-02 06:22:10[(305, 4), (367, 1), (522, 0), (2023, 0)]
2016-04-02 06:23:10[(305, 4), (367, 1), (522, 0), (2023, 0)]
2016-04-02 06:24:10[(305, 4), (367, 1), (522, 0), (2023, 0)]
2016-04-02 06:25:11[(305, 4), (367, 1), (522, 0), (2023, 0)]
2016-04-02 06:26:11[(305, 4), (367, 1), (522, 0), (2023, 0)]
2016-04-02 06:27:11[(305, 4), (367, 2), (522, 0), (2023, 0)]
2016-04-02 06:28:11[(305, 4), (367, 2), (522, 0), (2023, 0)]
2016-04-02 06:29:11[(305, 4), (367, 2), (522, 0), (2023, 0)]
2016-04-02 06:30:12[(305, 4), (367, 2), (522, 0), (2023, 0)]
2016-04-02 06:31:12[(305, 4), (367, 2), (522, 0), (2023, 0)]
2016-04-02 06:32:12[(305, 4), (367, 2), (522, 0), (2023, 0)]
2016-04-02 06:33:12[(305, 4), (367, 2), (522, 0), (2023, 0)]
2016-04-02 06:34:12[(305, 4), (367, 2), (522, 0), (2023, 0)]
2016-04-02 06:35:13[(305, 4), (367, 2), (522, 0), (2023, 0)]
2016-04-02 06:36:13[(305, 4), (367, 2), (522, 0), (2023, 0)]
2016-04-02 06:37:13[(305, 4), (367, 2), (522, 0), (2023, 0)]
2016-04-02 06:38:13[(305, 4), (367, 2), (522, 0), (2023, 0)]
2016-04-02 06:39:14[(305, 4), (367, 2), (522, 0), (2023, 0)]
2016-04-02 06:40:14[(305, 4), (367, 2), (522, 0), (2023, 0)]
2016-04-02 06:41:14[(305, 4), (367, 2), (522, 0), (2023, 0)]
2016-04-02 06:42:14[(305, 4), (367, 2), (522, 0), (2023, 0)]
2016-04-02 06:43:15[(305, 4), (367, 2), (522, 0), (2023, 0)]
2016-04-02 06:44:15[(305, 4), (367, 2), (522, 0), (2023, 0)]
2016-04-02 06:45:15[(305, 4), (367, 2), (522, 0), (2023, 0)]
2016-04-02 06:46:15[(305, 4), (367, 2), (522, 0), (2023, 0)]
2016-04-02 06:47:15[(305, 4), (367, 2), (522, 0), (2023, 0)]
2016-04-02 06:48:16[(305, 4), (367, 2), (522, 0), (2023, 0)]
2016-04-02 06:49:16[(305, 4), (367, 2), (522, 0), (2023, 0)]
2016-04-02 06:50:16[(305, 4), (367, 2), (522, 0), (2023, 0)]
2016-04-02 06:51:16[(305, 4), (367, 2), (522, 0), (2023, 0)]
2016-04-02 06:52:16[(305, 4), (367, 2), (522, 0), (2023, 0)]
2016-04-02 06:53:16[(305, 4), (367, 2), (522, 0), (2023, 0)]
2016-04-02 06:54:17[(305, 4), (367, 2), (522, 0), (2023, 0)]
2016-04-02 06:55:17[(305, 4), (367, 2), (522, 0), (2023, 0)]
2016-04-02 06:56:17[(305, 4), (367, 2), (522, 0), (2023, 0)]
2016-04-02 06:57:17[(305, 4), (367, 2), (522, 0), (2023, 0)]
2016-04-02 06:58:17[(305, 4), (367, 2), (522, 0), (2023, 0)]
2016-04-02 06:59:18[(305, 4), (367, 2), (522, 0), (2023, 0)]
2016-04-02 07:00:18[(305, 4), (367, 2), (522, 0), (2023, 0)]
2016-04-02 07:01:18[(305, 4), (367, 2), (522, 0), (2023, 0)]
2016-04-02 07:02:18[(305, 4), (367, 2), (522, 0), (2023, 0)]
2016-04-02 07:03:18[(305, 4), (367, 2), (522, 0), (2023, 0)]
2016-04-02 07:04:18[(305, 4), (367, 2), (522, 0), (2023, 0)]
2016-04-02 07:05:19[(305, 4), (367, 2), (522, 0), (2023, 0)]
2016-04-02 07:06:19[(305, 4), (367, 2), (522, 0), (2023, 0)]
2016-04-02 07:07:19[(305, 4), (367, 2), (522, 0), (2023, 0)]
2016-04-02 07:08:19[(305, 4), (367, 2), (522, 0), (2023, 0)]
2016-04-02 07:09:19[(305, 4), (367, 1), (522, 0), (2023, 0)]
2016-04-02 07:10:19[(305, 3), (367, 1), (522, 0), (2023, 0)]
2016-04-02 07:11:20[(305, 3), (367, 1), (522, 0), (2023, 0)]
2016-04-02 07:12:20[(305, 3), (367, 1), (522, 0), (2023, 0)]
2016-04-02 07:13:20[(305, 3), (367, 1), (522, 0), (2023, 0)]
2016-04-02 07:14:20[(305, 3), (367, 1), (522, 0), (2023, 0)]
2016-04-02 07:15:20[(305, 3), (367, 1), (522, 0), (2023, 0)]
2016-04-02 07:16:21[(305, 3), (367, 1), (522, 0), (2023, 0)]
2016-04-02 07:17:21[(305, 3), (367, 1), (522, 0), (2023, 0)]
2016-04-02 07:18:21[(305, 3), (367, 1), (522, 0), (2023, 0)]
2016-04-02 07:19:21[(305, 3), (367, 1), (522, 0), (2023, 0)]
2016-04-02 07:20:21[(305, 3), (367, 1), (522, 0), (2023, 0)]
2016-04-02 07:21:21[(305, 3), (367, 1), (522, 0), (2023, 0)]
2016-04-02 07:22:22[(305, 3), (367, 1), (522, 0), (2023, 0)]
2016-04-02 07:23:22[(305, 3), (367, 1), (522, 0), (2023, 0)]
2016-04-02 07:24:22[(305, 3), (367, 1), (522, 0), (2023, 0)]
2016-04-02 07:25:22[(305, 3), (367, 1), (522, 0), (2023, 0)]
2016-04-02 07:26:22[(305, 3), (367, 1), (522, 0), (2023, 0)]
2016-04-02 07:27:22[(305, 3), (367, 1), (522, 0), (2023, 0)]
2016-04-02 07:28:23[(305, 3), (367, 1), (522, 0), (2023, 0)]
2016-04-02 07:29:23[(305, 3), (367, 1), (522, 0), (2023, 0)]
2016-04-02 07:30:23[(305, 3), (367, 1), (522, 0), (2023, 0)]
2016-04-02 07:31:23[(305, 3), (367, 1), (522, 0), (2023, 0)]
2016-04-02 07:32:24[(305, 3), (367, 1), (522, 0), (2023, 0)]
2016-04-02 07:33:24[(305, 3), (367, 1), (522, 0), (2023, 0)]
2016-04-02 07:34:24[(305, 3), (367, 1), (522, 0), (2023, 0)]
2016-04-02 07:35:24[(305, 3), (367, 1), (522, 0), (2023, 0)]
2016-04-02 07:36:24[(305, 3), (367, 1), (522, 0), (2023, 0)]
2016-04-02 07:37:25[(305, 3), (367, 1), (522, 0), (2023, 0)]
2016-04-02 07:38:25[(305, 3), (367, 1), (522, 0), (2023, 0)]
2016-04-02 07:39:25[(305, 3), (367, 1), (522, 0), (2023, 0)]
2016-04-02 07:40:25[(305, 3), (367, 1), (522, 0), (2023, 0)]
2016-04-02 07:41:25[(305, 3), (367, 1), (522, 0), (2023, 0)]
2016-04-02 07:42:26[(305, 3), (367, 1), (522, 0), (2023, 0)]
2016-04-02 07:43:26[(305, 3), (367, 1), (522, 0), (2023, 0)]
2016-04-02 07:44:26[(305, 3), (367, 1), (522, 0), (2023, 0)]
2016-04-02 07:45:26[(305, 3), (367, 1), (522, 0), (2023, 0)]
2016-04-02 07:46:26[(305, 3), (367, 1), (522, 0), (2023, 0)]
2016-04-02 07:47:27[(305, 3), (367, 1), (522, 0), (2023, 0)]
2016-04-02 07:48:27[(305, 3), (367, 1), (522, 0), (2023, 0)]
2016-04-02 07:49:27[(305, 3), (367, 1), (522, 0), (2023, 0)]
2016-04-02 07:50:27[(305, 3), (367, 1), (522, 0), (2023, 0)]
2016-04-02 07:51:28[(305, 3), (367, 1), (522, 0), (2023, 0)]
2016-04-02 07:52:28[(305, 3), (367, 1), (522, 0), (2023, 0)]
2016-04-02 07:53:28[(305, 3), (367, 1), (522, 0), (2023, 0)]
2016-04-02 07:54:28[(305, 3), (367, 1), (522, 0), (2023, 0)]
2016-04-02 07:55:28[(305, 3), (367, 1), (522, 0), (2023, 0)]
2016-04-02 07:56:28[(305, 3), (367, 1), (522, 0), (2023, 0)]
2016-04-02 07:57:29[(305, 3), (367, 1), (522, 0), (2023, 0)]
2016-04-02 07:58:29[(305, 3), (367, 1), (522, 0), (2023, 0)]
2016-04-02 07:59:29[(305, 3), (367, 1), (522, 0), (2023, 0)]
2016-04-02 08:00:29[(305, 3), (367, 1), (522, 0), (2023, 0)]
2016-04-02 08:01:30[(305, 3), (367, 1), (522, 0), (2023, 0)]
2016-04-02 08:02:30[(305, 3), (367, 1), (522, 0), (2023, 0)]
2016-04-02 08:03:30[(305, 3), (367, 1), (522, 0), (2023, 0)]
2016-04-02 08:04:30[(305, 3), (367, 1), (522, 0), (2023, 0)]
2016-04-02 08:05:30[(305, 3), (367, 1), (522, 0), (2023, 0)]
2016-04-02 08:06:30[(305, 3), (367, 1), (522, 0), (2023, 0)]
2016-04-02 08:07:31[(305, 3), (367, 1), (522, 0), (2023, 0)]
2016-04-02 08:08:31[(305, 3), (367, 1), (522, 0), (2023, 0)]
2016-04-02 08:09:31[(305, 3), (367, 1), (522, 0), (2023, 0)]
2016-04-02 08:10:31[(305, 3), (367, 1), (522, 0), (2023, 0)]
2016-04-02 08:11:32[(305, 3), (367, 1), (522, 0), (2023, 0)]
2016-04-02 08:12:32[(305, 3), (367, 1), (522, 0), (2023, 0)]
2016-04-02 08:13:32[(305, 3), (367, 1), (522, 0), (2023, 0)]
2016-04-02 08:14:32[(305, 3), (367, 1), (522, 2), (2023, 0)]
2016-04-02 08:15:32[(305, 3), (367, 1), (522, 2), (2023, 0)]
2016-04-02 08:16:33[(305, 3), (367, 1), (522, 2), (2023, 0)]
2016-04-02 08:17:33[(305, 3), (367, 1), (522, 2), (2023, 0)]
2016-04-02 08:18:33[(305, 3), (367, 1), (522, 2), (2023, 0)]
2016-04-02 08:19:33[(305, 3), (367, 1), (522, 2), (2023, 0)]
2016-04-02 08:20:33[(305, 3), (367, 1), (522, 2), (2023, 0)]
2016-04-02 08:21:34[(305, 3), (367, 1), (522, 2), (2023, 0)]
2016-04-02 08:22:34[(305, 3), (367, 1), (522, 2), (2023, 0)]
2016-04-02 08:23:34[(305, 3), (367, 1), (522, 2), (2023, 0)]
2016-04-02 08:24:34[(305, 3), (367, 1), (522, 2), (2023, 0)]
2016-04-02 08:25:35[(305, 3), (367, 1), (522, 2), (2023, 0)]
2016-04-02 08:26:35[(305, 3), (367, 1), (522, 2), (2023, 0)]
2016-04-02 08:27:35[(305, 3), (367, 1), (522, 2), (2023, 0)]
2016-04-02 08:28:35[(305, 3), (367, 1), (522, 2), (2023, 0)]
2016-04-02 08:29:35[(305, 3), (367, 1), (522, 2), (2023, 0)]
2016-04-02 08:30:35[(305, 3), (367, 1), (522, 2), (2023, 0)]
2016-04-02 08:31:36[(305, 3), (367, 1), (522, 2), (2023, 0)]
2016-04-02 08:32:36[(305, 3), (367, 1), (522, 2), (2023, 0)]
2016-04-02 08:33:36[(305, 3), (367, 1), (522, 2), (2023, 0)]
2016-04-02 08:34:36[(305, 3), (367, 1), (522, 2), (2023, 0)]
2016-04-02 08:35:36[(305, 3), (367, 1), (522, 2), (2023, 0)]
2016-04-02 08:36:36[(305, 3), (367, 1), (522, 2), (2023, 0)]
2016-04-02 08:37:37[(305, 3), (367, 1), (522, 2), (2023, 0)]
2016-04-02 08:38:37[(305, 3), (367, 1), (522, 2), (2023, 0)]
2016-04-02 08:39:37[(305, 3), (367, 1), (522, 2), (2023, 0)]
2016-04-02 08:40:37[(305, 3), (367, 1), (522, 2), (2023, 0)]
2016-04-02 08:41:37[(305, 3), (367, 1), (522, 2), (2023, 0)]
2016-04-02 08:42:38[(305, 3), (367, 1), (522, 2), (2023, 0)]
2016-04-02 08:43:38[(305, 3), (367, 1), (522, 2), (2023, 0)]
2016-04-02 08:44:38[(305, 3), (367, 1), (522, 2), (2023, 0)]
2016-04-02 08:45:38[(305, 3), (367, 1), (522, 2), (2023, 0)]
2016-04-02 08:46:38[(305, 3), (367, 1), (522, 2), (2023, 0)]
2016-04-02 08:47:39[(305, 3), (367, 1), (522, 2), (2023, 0)]
2016-04-02 08:48:39[(305, 3), (367, 1), (522, 2), (2023, 0)]
2016-04-02 08:49:39[(305, 3), (367, 1), (522, 2), (2023, 0)]
2016-04-02 08:50:39[(305, 3), (367, 1), (522, 2), (2023, 0)]
2016-04-02 08:51:41[(305, 3), (367, 1), (522, 2), (2023, 0)]
2016-04-02 08:52:41[(305, 3), (367, 1), (522, 2), (2023, 0)]
2016-04-02 08:53:41[(305, 3), (367, 1), (522, 2), (2023, 0)]
2016-04-02 08:54:42[(305, 3), (367, 1), (522, 2), (2023, 0)]
2016-04-02 08:55:42[(305, 3), (367, 1), (522, 2), (2023, 0)]
2016-04-02 08:56:42[(305, 3), (367, 1), (522, 2), (2023, 0)]
2016-04-02 08:57:42[(305, 3), (367, 1), (522, 2), (2023, 0)]
2016-04-02 08:58:42[(305, 3), (367, 1), (522, 2), (2023, 0)]
2016-04-02 08:59:43[(305, 3), (367, 1), (522, 2), (2023, 0)]
2016-04-02 09:00:43[(305, 3), (367, 1), (522, 2), (2023, 0)]
2016-04-02 09:01:43[(305, 3), (367, 1), (522, 2), (2023, 0)]
2016-04-02 09:02:43[(305, 3), (367, 1), (522, 2), (2023, 0)]
2016-04-02 09:03:43[(305, 3), (367, 1), (522, 2), (2023, 0)]
2016-04-02 09:04:43[(305, 3), (367, 1), (522, 2), (2023, 0)]
2016-04-02 09:05:44[(305, 3), (367, 1), (522, 2), (2023, 0)]
2016-04-02 09:06:44[(305, 3), (367, 1), (522, 2), (2023, 0)]
2016-04-02 09:07:44[(305, 3), (367, 1), (522, 2), (2023, 0)]
2016-04-02 09:08:44[(305, 3), (367, 1), (522, 2), (2023, 0)]
2016-04-02 09:09:44[(305, 3), (367, 1), (522, 2), (2023, 0)]
2016-04-02 09:10:44[(305, 3), (367, 1), (522, 2), (2023, 0)]
2016-04-02 09:11:45[(305, 3), (367, 1), (522, 2), (2023, 0)]
2016-04-02 09:12:45[(305, 3), (367, 1), (522, 2), (2023, 0)]
2016-04-02 09:13:45[(305, 3), (367, 1), (522, 2), (2023, 0)]
2016-04-02 09:14:45[(305, 3), (367, 1), (522, 2), (2023, 0)]
2016-04-02 09:15:45[(305, 3), (367, 1), (522, 2), (2023, 0)]
2016-04-02 09:16:46[(305, 3), (367, 1), (522, 2), (2023, 0)]
2016-04-02 09:17:46[(305, 3), (367, 1), (522, 2), (2023, 0)]
2016-04-02 09:18:46[(305, 3), (367, 1), (522, 2), (2023, 0)]
2016-04-02 09:19:46[(305, 3), (367, 1), (522, 2), (2023, 0)]
2016-04-02 09:20:46[(305, 3), (367, 1), (522, 2), (2023, 0)]
2016-04-02 09:21:46[(305, 3), (367, 1), (522, 2), (2023, 0)]
2016-04-02 09:22:47[(305, 3), (367, 1), (522, 2), (2023, 0)]
2016-04-02 09:23:47[(305, 3), (367, 1), (522, 2), (2023, 0)]
2016-04-02 09:24:47[(305, 3), (367, 1), (522, 2), (2023, 0)]
2016-04-02 09:25:47[(305, 3), (367, 1), (522, 2), (2023, 0)]
2016-04-02 09:26:47[(305, 3), (367, 1), (522, 2), (2023, 0)]
2016-04-02 09:27:47[(305, 3), (367, 1), (522, 2), (2023, 0)]
2016-04-02 09:28:48[(305, 3), (367, 1), (522, 2), (2023, 0)]
2016-04-02 09:29:48[(305, 3), (367, 1), (522, 2), (2023, 0)]
2016-04-02 09:30:48[(305, 3), (367, 1), (522, 2), (2023, 0)]
2016-04-02 09:31:48[(305, 3), (367, 1), (522, 2), (2023, 0)]
2016-04-02 09:32:48[(305, 3), (367, 1), (522, 2), (2023, 0)]
2016-04-02 09:33:49[(305, 3), (367, 1), (522, 2), (2023, 0)]
2016-04-02 09:34:49[(305, 3), (367, 1), (522, 2), (2023, 0)]
2016-04-02 09:35:49[(305, 3), (367, 1), (522, 2), (2023, 0)]
2016-04-02 09:36:49[(305, 3), (367, 1), (522, 2), (2023, 0)]
2016-04-02 09:37:49[(305, 3), (367, 1), (522, 2), (2023, 0)]
2016-04-02 09:38:49[(305, 3), (367, 1), (522, 2), (2023, 0)]
2016-04-02 09:39:50[(305, 3), (367, 1), (522, 2), (2023, 0)]
2016-04-02 09:40:50[(305, 3), (367, 1), (522, 2), (2023, 0)]
2016-04-02 09:41:50[(305, 3), (367, 1), (522, 2), (2023, 0)]
2016-04-02 09:42:50[(305, 3), (367, 1), (522, 2), (2023, 0)]
2016-04-02 09:43:50[(305, 3), (367, 1), (522, 2), (2023, 0)]
2016-04-02 09:44:50[(305, 3), (367, 1), (522, 2), (2023, 0)]
2016-04-02 09:45:51[(305, 3), (367, 1), (522, 2), (2023, 0)]
2016-04-02 09:46:51[(305, 3), (367, 1), (522, 2), (2023, 0)]
2016-04-02 09:47:51[(305, 3), (367, 1), (522, 2), (2023, 0)]
2016-04-02 09:48:51[(305, 3), (367, 1), (522, 2), (2023, 0)]
2016-04-02 09:49:51[(305, 3), (367, 1), (522, 2), (2023, 0)]
2016-04-02 09:50:52[(305, 3), (367, 1), (522, 2), (2023, 0)]
2016-04-02 09:51:52[(305, 3), (367, 1), (522, 2), (2023, 0)]
2016-04-02 09:52:52[(305, 3), (367, 1), (522, 2), (2023, 0)]
2016-04-02 09:53:52[(305, 3), (367, 1), (522, 2), (2023, 0)]
2016-04-02 09:54:52[(305, 3), (367, 1), (522, 0), (2023, 0)]
2016-04-02 09:55:52[(305, 3), (367, 1), (522, 0), (2023, 0)]
2016-04-02 09:56:53[(305, 3), (367, 1), (522, 0), (2023, 0)]
2016-04-02 09:57:53[(305, 3), (367, 1), (522, 0), (2023, 0)]
2016-04-02 09:58:53[(305, 3), (367, 1), (522, 0), (2023, 0)]
2016-04-02 09:59:53[(305, 3), (367, 1), (522, 0), (2023, 0)]
2016-04-02 10:00:53[(305, 3), (367, 1), (522, 0), (2023, 0)]
2016-04-02 10:01:54[(305, 3), (367, 1), (522, 0), (2023, 0)]
2016-04-02 10:02:54[(305, 3), (367, 1), (522, 0), (2023, 0)]
2016-04-02 10:03:54[(305, 3), (367, 1), (522, 0), (2023, 0)]
2016-04-02 10:04:54[(305, 3), (367, 1), (522, 0), (2023, 0)]
2016-04-02 10:05:54[(305, 3), (367, 1), (522, 0), (2023, 0)]
2016-04-02 10:06:54[(305, 3), (367, 1), (522, 0), (2023, 0)]
2016-04-02 10:07:55[(305, 3), (367, 1), (522, 0), (2023, 0)]
2016-04-02 10:08:55[(305, 3), (367, 1), (522, 0), (2023, 0)]
2016-04-02 10:09:55[(305, 3), (367, 1), (522, 0), (2023, 0)]
2016-04-02 10:10:55[(305, 3), (367, 1), (522, 0), (2023, 0)]
2016-04-02 10:11:55[(305, 3), (367, 1), (522, 0), (2023, 0)]
2016-04-02 10:12:56[(305, 3), (367, 1), (522, 0), (2023, 0)]
2016-04-02 10:13:56[(305, 3), (367, 1), (522, 0), (2023, 0)]
2016-04-02 10:14:56[(305, 3), (367, 1), (522, 0), (2023, 0)]
2016-04-02 10:15:56[(305, 3), (367, 1), (522, 0), (2023, 0)]
2016-04-02 10:16:56[(305, 3), (367, 1), (522, 0), (2023, 0)]
2016-04-02 10:17:56[(305, 3), (367, 1), (522, 0), (2023, 0)]
2016-04-02 10:18:57[(305, 3), (367, 1), (522, 0), (2023, 0)]
2016-04-02 10:19:57[(305, 3), (367, 1), (522, 0), (2023, 0)]
2016-04-02 10:20:57[(305, 3), (367, 1), (522, 0), (2023, 0)]
2016-04-02 10:21:57[(305, 3), (367, 1), (522, 0), (2023, 0)]
2016-04-02 10:22:57[(305, 3), (367, 1), (522, 0), (2023, 0)]
2016-04-02 10:23:57[(305, 3), (367, 1), (522, 0), (2023, 0)]
2016-04-02 10:24:58[(305, 3), (367, 1), (522, 0), (2023, 0)]
2016-04-02 10:25:58[(305, 3), (367, 1), (522, 0), (2023, 0)]
2016-04-02 10:26:58[(305, 3), (367, 1), (522, 0), (2023, 0)]
2016-04-02 10:27:58[(305, 3), (367, 1), (522, 0), (2023, 0)]
2016-04-02 10:28:58[(305, 3), (367, 1), (522, 0), (2023, 0)]
2016-04-02 10:29:58[(305, 3), (367, 1), (522, 0), (2023, 0)]
2016-04-02 10:30:59[(305, 3), (367, 1), (522, 0), (2023, 0)]
2016-04-02 10:31:59[(305, 3), (367, 1), (522, 0), (2023, 0)]
2016-04-02 10:32:59[(305, 3), (367, 1), (522, 0), (2023, 0)]
2016-04-02 10:33:59[(305, 2), (367, 1), (522, 0), (2023, 0)]
2016-04-02 10:34:59[(305, 2), (367, 1), (522, 0), (2023, 0)]
2016-04-02 10:36:00[(305, 2), (367, 1), (522, 0), (2023, 0)]
2016-04-02 10:37:00[(305, 2), (367, 1), (522, 0), (2023, 0)]
2016-04-02 10:38:00[(305, 2), (367, 1), (522, 0), (2023, 0)]
2016-04-02 10:39:00[(305, 2), (367, 1), (522, 0), (2023, 0)]
2016-04-02 10:40:00[(305, 2), (367, 1), (522, 0), (2023, 0)]
2016-04-02 10:41:00[(305, 2), (367, 1), (522, 0), (2023, 0)]
2016-04-02 10:42:01[(305, 2), (367, 1), (522, 0), (2023, 0)]
2016-04-02 10:43:01[(305, 2), (367, 1), (522, 0), (2023, 0)]
2016-04-02 10:44:01[(305, 2), (367, 1), (522, 0), (2023, 0)]
2016-04-02 10:45:01[(305, 2), (367, 1), (522, 0), (2023, 0)]
2016-04-02 10:46:01[(305, 2), (367, 1), (522, 0), (2023, 0)]
2016-04-02 10:47:01[(305, 2), (367, 1), (522, 0), (2023, 0)]
2016-04-02 10:48:02[(305, 2), (367, 1), (522, 0), (2023, 0)]
2016-04-02 10:49:02[(305, 2), (367, 1), (522, 0), (2023, 0)]
2016-04-02 10:50:02[(305, 2), (367, 1), (522, 0), (2023, 0)]
2016-04-02 10:51:02[(305, 2), (367, 1), (522, 0), (2023, 0)]
2016-04-02 10:52:02[(305, 2), (367, 1), (522, 0), (2023, 0)]
2016-04-02 10:53:03[(305, 2), (367, 1), (522, 0), (2023, 0)]
2016-04-02 10:54:03[(305, 2), (367, 1), (522, 0), (2023, 0)]
2016-04-02 10:55:03[(305, 2), (367, 1), (522, 0), (2023, 0)]
2016-04-02 10:56:03[(305, 2), (367, 1), (522, 0), (2023, 0)]
2016-04-02 10:57:03[(305, 2), (367, 1), (522, 0), (2023, 0)]
2016-04-02 10:58:03[(305, 2), (367, 1), (522, 0), (2023, 0)]
2016-04-02 10:59:04[(305, 2), (367, 1), (522, 0), (2023, 0)]
2016-04-02 11:00:04[(305, 2), (367, 1), (522, 0), (2023, 0)]
2016-04-02 11:01:04[(305, 2), (367, 1), (522, 0), (2023, 0)]
2016-04-02 11:02:04[(305, 2), (367, 1), (522, 0), (2023, 0)]
2016-04-02 11:03:04[(305, 2), (367, 1), (522, 0), (2023, 0)]
2016-04-02 11:04:04[(305, 2), (367, 1), (522, 0), (2023, 0)]
2016-04-02 11:05:05[(305, 2), (367, 1), (522, 0), (2023, 0)]
2016-04-02 11:06:05[(305, 2), (367, 1), (522, 0), (2023, 0)]
2016-04-02 11:07:05[(305, 2), (367, 1), (522, 0), (2023, 0)]
2016-04-02 11:08:05[(305, 2), (367, 1), (522, 0), (2023, 0)]
2016-04-02 11:09:05[(305, 2), (367, 1), (522, 0), (2023, 0)]
2016-04-02 11:10:05[(305, 2), (367, 1), (522, 0), (2023, 0)]
2016-04-02 11:11:06[(305, 2), (367, 1), (522, 0), (2023, 0)]
2016-04-02 11:12:06[(305, 2), (367, 1), (522, 0), (2023, 0)]
2016-04-02 11:13:06[(305, 2), (367, 1), (522, 0), (2023, 0)]
2016-04-02 11:14:06[(305, 2), (367, 1), (522, 0), (2023, 0)]
2016-04-02 11:15:06[(305, 2), (367, 1), (522, 0), (2023, 0)]
2016-04-02 11:16:06[(305, 2), (367, 1), (522, 0), (2023, 0)]
2016-04-02 11:17:07[(305, 2), (367, 1), (522, 0), (2023, 0)]
2016-04-02 11:18:07[(305, 2), (367, 1), (522, 0), (2023, 0)]
2016-04-02 11:19:07[(305, 2), (367, 1), (522, 0), (2023, 0)]
2016-04-02 11:20:07[(305, 2), (367, 1), (522, 0), (2023, 0)]
2016-04-02 11:21:07[(305, 2), (367, 1), (522, 0), (2023, 0)]
2016-04-02 11:22:08[(305, 2), (367, 1), (522, 0), (2023, 0)]
2016-04-02 11:23:08[(305, 2), (367, 1), (522, 0), (2023, 0)]
2016-04-02 11:24:08[(305, 2), (367, 1), (522, 0), (2023, 0)]
2016-04-02 11:25:08[(305, 2), (367, 1), (522, 2), (2023, 0)]
2016-04-02 11:26:08[(305, 2), (367, 1), (522, 2), (2023, 0)]
2016-04-02 11:27:09[(305, 2), (367, 1), (522, 2), (2023, 0)]
2016-04-02 11:28:09[(305, 2), (367, 1), (522, 2), (2023, 0)]
2016-04-02 11:29:09[(305, 2), (367, 1), (522, 2), (2023, 0)]
2016-04-02 11:30:09[(305, 2), (367, 1), (522, 2), (2023, 0)]
2016-04-02 11:31:09[(305, 2), (367, 1), (522, 2), (2023, 0)]
2016-04-02 11:32:10[(305, 2), (367, 1), (522, 2), (2023, 0)]
2016-04-02 11:33:10[(305, 2), (367, 1), (522, 2), (2023, 0)]
2016-04-02 11:34:10[(305, 2), (367, 1), (522, 2), (2023, 0)]
2016-04-02 11:35:10[(305, 2), (367, 1), (522, 2), (2023, 0)]
2016-04-02 11:36:10[(305, 2), (367, 1), (522, 2), (2023, 0)]
2016-04-02 11:37:10[(305, 2), (367, 1), (522, 2), (2023, 0)]
2016-04-02 11:38:11[(305, 2), (367, 1), (522, 2), (2023, 0)]
2016-04-02 11:39:11[(305, 2), (367, 1), (522, 2), (2023, 0)]
2016-04-02 11:40:11[(305, 2), (367, 1), (522, 2), (2023, 0)]
2016-04-02 11:41:11[(305, 2), (367, 1), (522, 2), (2023, 0)]
2016-04-02 11:42:11[(305, 2), (367, 1), (522, 2), (2023, 0)]
2016-04-02 11:43:11[(305, 2), (367, 1), (522, 2), (2023, 0)]
2016-04-02 11:44:12[(305, 2), (367, 1), (522, 2), (2023, 0)]
2016-04-02 11:45:12[(305, 2), (367, 1), (522, 2), (2023, 0)]
2016-04-02 11:46:12[(305, 2), (367, 1), (522, 2), (2023, 0)]
2016-04-02 11:47:12[(305, 2), (367, 1), (522, 2), (2023, 0)]
2016-04-02 11:48:12[(305, 2), (367, 1), (522, 2), (2023, 0)]
2016-04-02 11:49:12[(305, 2), (367, 1), (522, 2), (2023, 0)]
2016-04-02 11:50:13[(305, 2), (367, 1), (522, 2), (2023, 0)]
2016-04-02 11:51:13[(305, 2), (367, 1), (522, 2), (2023, 1)]
2016-04-02 11:52:13[(305, 2), (367, 1), (522, 2), (2023, 1)]
2016-04-02 11:53:13[(305, 2), (367, 1), (522, 2), (2023, 1)]
2016-04-02 11:54:13[(305, 2), (367, 1), (522, 2), (2023, 1)]
2016-04-02 11:55:14[(305, 2), (367, 2), (522, 2), (2023, 1)]
2016-04-02 11:56:14[(305, 2), (367, 2), (522, 2), (2023, 1)]
2016-04-02 11:57:14[(305, 2), (367, 2), (522, 2), (2023, 1)]
2016-04-02 11:58:14[(305, 2), (367, 2), (522, 2), (2023, 1)]
2016-04-02 11:59:14[(305, 2), (367, 2), (522, 2), (2023, 1)]
2016-04-02 12:00:14[(305, 2), (367, 2), (522, 2), (2023, 1)]
2016-04-02 12:01:15[(305, 2), (367, 2), (522, 2), (2023, 1)]
2016-04-02 12:02:15[(305, 2), (367, 2), (522, 2), (2023, 1)]
2016-04-02 12:03:15[(305, 2), (367, 2), (522, 2), (2023, 1)]
2016-04-02 12:04:15[(305, 2), (367, 2), (522, 2), (2023, 1)]
2016-04-02 12:05:15[(305, 2), (367, 2), (522, 2), (2023, 1)]
2016-04-02 12:06:15[(305, 2), (367, 2), (522, 2), (2023, 1)]
2016-04-02 12:07:16[(305, 2), (367, 2), (522, 2), (2023, 1)]
2016-04-02 12:08:16[(305, 2), (367, 2), (522, 2), (2023, 1)]
2016-04-02 12:09:16[(305, 2), (367, 2), (522, 2), (2023, 1)]
2016-04-02 12:10:16[(305, 2), (367, 2), (522, 2), (2023, 1)]
2016-04-02 12:11:16[(305, 2), (367, 2), (522, 2), (2023, 1)]
2016-04-02 12:12:16[(305, 2), (367, 2), (522, 2), (2023, 1)]
2016-04-02 12:13:17[(305, 2), (367, 2), (522, 2), (2023, 1)]
2016-04-02 12:14:17[(305, 2), (367, 2), (522, 2), (2023, 1)]
2016-04-02 12:15:17[(305, 2), (367, 2), (522, 2), (2023, 1)]
2016-04-02 12:16:17[(305, 2), (367, 2), (522, 2), (2023, 1)]
2016-04-02 12:17:17[(305, 2), (367, 2), (522, 2), (2023, 1)]
2016-04-02 12:18:18[(305, 2), (367, 2), (522, 2), (2023, 1)]
2016-04-02 12:19:18[(305, 2), (367, 2), (522, 2), (2023, 1)]
2016-04-02 12:20:18[(305, 2), (367, 2), (522, 2), (2023, 1)]
2016-04-02 12:21:18[(305, 2), (367, 2), (522, 2), (2023, 1)]
2016-04-02 12:22:19[(305, 2), (367, 2), (522, 2), (2023, 1)]
2016-04-02 12:23:19[(305, 2), (367, 2), (522, 2), (2023, 1)]
2016-04-02 12:24:19[(305, 2), (367, 2), (522, 2), (2023, 1)]
2016-04-02 12:25:19[(305, 2), (367, 2), (522, 2), (2023, 1)]
2016-04-02 12:26:19[(305, 2), (367, 2), (522, 2), (2023, 1)]
2016-04-02 12:27:19[(305, 2), (367, 2), (522, 2), (2023, 1)]
2016-04-02 12:28:20[(305, 2), (367, 2), (522, 2), (2023, 1)]
2016-04-02 12:29:20[(305, 2), (367, 2), (522, 2), (2023, 1)]
2016-04-02 12:30:20[(305, 2), (367, 2), (522, 2), (2023, 1)]
2016-04-02 12:31:20[(305, 2), (367, 2), (522, 2), (2023, 1)]
2016-04-02 12:32:20[(305, 2), (367, 2), (522, 2), (2023, 1)]
2016-04-02 12:33:20[(305, 2), (367, 2), (522, 2), (2023, 1)]
2016-04-02 12:34:21[(305, 2), (367, 2), (522, 2), (2023, 1)]
2016-04-02 12:35:21[(305, 2), (367, 2), (522, 2), (2023, 1)]
2016-04-02 12:36:21[(305, 2), (367, 2), (522, 2), (2023, 1)]
2016-04-02 12:37:21[(305, 2), (367, 2), (522, 2), (2023, 1)]
2016-04-02 12:38:21[(305, 2), (367, 2), (522, 2), (2023, 1)]
2016-04-02 12:39:22[(305, 2), (367, 2), (522, 2), (2023, 1)]
2016-04-02 12:40:22[(305, 2), (367, 2), (522, 2), (2023, 1)]
2016-04-02 12:41:22[(305, 2), (367, 2), (522, 2), (2023, 1)]
2016-04-02 12:42:22[(305, 3), (367, 2), (522, 2), (2023, 1)]
2016-04-02 12:43:23[(305, 3), (367, 2), (522, 2), (2023, 1)]
2016-04-02 12:44:23[(305, 3), (367, 2), (522, 2), (2023, 1)]
2016-04-02 12:45:23[(305, 2), (367, 2), (522, 2), (2023, 1)]
2016-04-02 12:46:23[(305, 3), (367, 2), (522, 2), (2023, 1)]
2016-04-02 12:47:23[(305, 3), (367, 2), (522, 2), (2023, 1)]
2016-04-02 12:48:23[(305, 3), (367, 2), (522, 2), (2023, 1)]
2016-04-02 12:49:24[(305, 3), (367, 2), (522, 2), (2023, 1)]
2016-04-02 12:50:24[(305, 3), (367, 2), (522, 2), (2023, 1)]
2016-04-02 12:51:24[(305, 3), (367, 2), (522, 2), (2023, 0)]
2016-04-02 12:52:24[(305, 3), (367, 2), (522, 2), (2023, 0)]
2016-04-02 12:53:24[(305, 3), (367, 3), (522, 2), (2023, 0)]
2016-04-02 12:54:24[(305, 3), (367, 3), (522, 3), (2023, 0)]
2016-04-02 12:55:25[(305, 3), (367, 3), (522, 3), (2023, 0)]
2016-04-02 12:56:25[(305, 3), (367, 3), (522, 3), (2023, 0)]
2016-04-02 12:57:25[(305, 3), (367, 3), (522, 3), (2023, 0)]
2016-04-02 12:58:25[(305, 3), (367, 3), (522, 3), (2023, 0)]
2016-04-02 12:59:25[(305, 3), (367, 3), (522, 3), (2023, 0)]
2016-04-02 13:00:26[(305, 3), (367, 3), (522, 3), (2023, 0)]
2016-04-02 13:01:26[(305, 3), (367, 3), (522, 3), (2023, 1)]
2016-04-02 13:02:26[(305, 3), (367, 3), (522, 3), (2023, 1)]
2016-04-02 13:03:26[(305, 3), (367, 3), (522, 3), (2023, 1)]
2016-04-02 13:04:26[(305, 3), (367, 3), (522, 3), (2023, 1)]
2016-04-02 13:05:26[(305, 3), (367, 3), (522, 3), (2023, 1)]
2016-04-02 13:06:27[(305, 3), (367, 3), (522, 3), (2023, 1)]
2016-04-02 13:07:27[(305, 3), (367, 3), (522, 3), (2023, 1)]
2016-04-02 13:08:27[(305, 3), (367, 3), (522, 3), (2023, 1)]
2016-04-02 13:09:27[(305, 3), (367, 3), (522, 3), (2023, 1)]
2016-04-02 13:10:27[(305, 3), (367, 3), (522, 3), (2023, 1)]
2016-04-02 13:11:27[(305, 3), (367, 3), (522, 3), (2023, 1)]
2016-04-02 13:12:28[(305, 3), (367, 3), (522, 3), (2023, 1)]
2016-04-02 13:13:28[(305, 3), (367, 3), (522, 3), (2023, 1)]
2016-04-02 13:14:28[(305, 3), (367, 3), (522, 3), (2023, 1)]
2016-04-02 13:15:28[(305, 3), (367, 3), (522, 3), (2023, 1)]
2016-04-02 13:16:28[(305, 3), (367, 3), (522, 3), (2023, 1)]
2016-04-02 13:17:28[(305, 3), (367, 3), (522, 3), (2023, 1)]
2016-04-02 13:18:29[(305, 3), (367, 3), (522, 3), (2023, 1)]
2016-04-02 13:19:29[(305, 3), (367, 3), (522, 3), (2023, 1)]
2016-04-02 13:20:29[(305, 3), (367, 3), (522, 3), (2023, 1)]
2016-04-02 13:21:29[(305, 3), (367, 3), (522, 3), (2023, 1)]
2016-04-02 13:22:30[(305, 3), (367, 3), (522, 3), (2023, 2)]
2016-04-02 13:23:30[(305, 3), (367, 3), (522, 3), (2023, 2)]
2016-04-02 13:24:30[(305, 3), (367, 3), (522, 3), (2023, 2)]
2016-04-02 13:25:30[(305, 3), (367, 3), (522, 3), (2023, 2)]
2016-04-02 13:26:30[(305, 3), (367, 3), (522, 3), (2023, 2)]
2016-04-02 13:27:31[(305, 3), (367, 3), (522, 3), (2023, 2)]
2016-04-02 13:28:31[(305, 3), (367, 3), (522, 3), (2023, 2)]
2016-04-02 13:29:31[(305, 3), (367, 3), (522, 3), (2023, 2)]
2016-04-02 13:30:31[(305, 3), (367, 3), (522, 3), (2023, 2)]
2016-04-02 13:31:31[(305, 3), (367, 3), (522, 3), (2023, 2)]
2016-04-02 13:32:31[(305, 3), (367, 3), (522, 3), (2023, 2)]
2016-04-02 13:33:32[(305, 3), (367, 3), (522, 3), (2023, 2)]
2016-04-02 13:34:32[(305, 3), (367, 3), (522, 3), (2023, 2)]
2016-04-02 13:35:32[(305, 3), (367, 3), (522, 3), (2023, 2)]
2016-04-02 13:36:32[(305, 3), (367, 3), (522, 3), (2023, 2)]
2016-04-02 13:37:32[(305, 3), (367, 3), (522, 3), (2023, 2)]
2016-04-02 13:38:33[(305, 3), (367, 3), (522, 3), (2023, 2)]
2016-04-02 13:39:33[(305, 3), (367, 3), (522, 3), (2023, 2)]
2016-04-02 13:40:33[(305, 3), (367, 3), (522, 3), (2023, 2)]
2016-04-02 13:41:33[(305, 3), (367, 3), (522, 3), (2023, 2)]
2016-04-02 13:42:33[(305, 3), (367, 3), (522, 3), (2023, 2)]
2016-04-02 13:43:34[(305, 3), (367, 3), (522, 3), (2023, 2)]
2016-04-02 13:44:34[(305, 3), (367, 3), (522, 3), (2023, 2)]
2016-04-02 13:45:34[(305, 3), (367, 3), (522, 3), (2023, 2)]
2016-04-02 13:46:34[(305, 3), (367, 3), (522, 3), (2023, 2)]
2016-04-02 13:47:34[(305, 3), (367, 3), (522, 3), (2023, 2)]
2016-04-02 13:48:35[(305, 3), (367, 3), (522, 3), (2023, 2)]
2016-04-02 13:49:35[(305, 3), (367, 3), (522, 3), (2023, 2)]
2016-04-02 13:50:35[(305, 3), (367, 3), (522, 4), (2023, 2)]
2016-04-02 13:51:35[(305, 3), (367, 3), (522, 4), (2023, 2)]
2016-04-02 13:52:35[(305, 3), (367, 3), (522, 4), (2023, 2)]
2016-04-02 13:53:35[(305, 3), (367, 3), (522, 4), (2023, 2)]
2016-04-02 13:54:36[(305, 3), (367, 3), (522, 4), (2023, 2)]
2016-04-02 13:55:36[(305, 3), (367, 3), (522, 4), (2023, 2)]
2016-04-02 13:56:36[(305, 3), (367, 3), (522, 4), (2023, 2)]
2016-04-02 13:57:37[(305, 3), (367, 3), (522, 4), (2023, 2)]
2016-04-02 13:58:37[(305, 3), (367, 3), (522, 4), (2023, 2)]
2016-04-02 13:59:37[(305, 3), (367, 3), (522, 4), (2023, 2)]
2016-04-02 14:00:37[(305, 3), (367, 3), (522, 4), (2023, 2)]
2016-04-02 14:01:37[(305, 3), (367, 3), (522, 4), (2023, 2)]
2016-04-02 14:02:38[(305, 3), (367, 3), (522, 4), (2023, 2)]
2016-04-02 14:03:38[(305, 3), (367, 3), (522, 4), (2023, 2)]
2016-04-02 14:04:38[(305, 3), (367, 3), (522, 4), (2023, 2)]
2016-04-02 14:05:38[(305, 3), (367, 3), (522, 4), (2023, 2)]
2016-04-02 14:06:38[(305, 3), (367, 3), (522, 4), (2023, 2)]
2016-04-02 14:07:39[(305, 3), (367, 3), (522, 4), (2023, 2)]
2016-04-02 14:08:39[(305, 3), (367, 3), (522, 4), (2023, 2)]
2016-04-02 14:09:39[(305, 3), (367, 3), (522, 4), (2023, 2)]
2016-04-02 14:10:39[(305, 3), (367, 3), (522, 4), (2023, 2)]
2016-04-02 14:11:41[(305, 3), (367, 3), (522, 4), (2023, 2)]
2016-04-02 14:12:42[(305, 3), (367, 3), (522, 4), (2023, 2)]
2016-04-02 14:13:42[(305, 3), (367, 3), (522, 4), (2023, 2)]
2016-04-02 14:14:42[(305, 3), (367, 3), (522, 4), (2023, 2)]
2016-04-02 14:15:42[(305, 3), (367, 3), (522, 4), (2023, 2)]
2016-04-02 14:16:44[(305, 3), (367, 3), (522, 4), (2023, 2)]
2016-04-02 14:17:44[(305, 3), (367, 3), (522, 4), (2023, 2)]
2016-04-02 14:18:45[(305, 3), (367, 3), (522, 4), (2023, 2)]
2016-04-02 14:19:45[(305, 3), (367, 3), (522, 4), (2023, 2)]
2016-04-02 14:20:47[(305, 3), (367, 3), (522, 4), (2023, 2)]
2016-04-02 14:21:47[(305, 3), (367, 3), (522, 4), (2023, 2)]
