2015-09-23 19:21:38[(290, 2), (305, 28), (367, 10), (522, 33), (2023, 25)]
2015-09-23 19:22:38[(290, 2), (305, 28), (367, 10), (522, 33), (2023, 25)]
2015-09-23 19:23:40[(290, 2), (305, 29), (367, 10), (522, 33), (2023, 25)]
2015-09-23 19:24:40[(290, 2), (305, 29), (367, 10), (522, 34), (2023, 25)]
2015-09-23 19:25:41[(290, 2), (305, 29), (367, 10), (522, 34), (2023, 25)]
2015-09-23 19:26:44[(290, 2), (305, 29), (367, 10), (522, 34), (2023, 25)]
2015-09-23 19:27:45[(290, 1), (305, 29), (367, 10), (522, 33), (2023, 25)]
2015-09-23 19:28:45[(290, 1), (305, 29), (367, 10), (522, 33), (2023, 25)]
2015-09-23 19:29:46[(290, 1), (305, 29), (367, 10), (522, 32), (2023, 25)]
2015-09-23 19:30:48[(290, 1), (305, 29), (367, 10), (522, 32), (2023, 25)]
2015-09-23 19:31:48[(290, 1), (305, 28), (367, 10), (522, 32), (2023, 25)]
2015-09-23 19:32:48[(290, 1), (305, 28), (367, 10), (522, 32), (2023, 24)]
2015-09-23 19:33:49[(290, 1), (305, 28), (367, 10), (522, 32), (2023, 24)]
2015-09-23 19:34:50[(290, 1), (305, 28), (367, 10), (522, 32), (2023, 24)]
2015-09-23 19:35:50[(290, 1), (305, 28), (367, 10), (522, 32), (2023, 24)]
2015-09-23 19:36:50[(290, 1), (305, 28), (367, 9), (522, 31), (2023, 24)]
2015-09-23 19:37:50[(290, 1), (305, 28), (367, 9), (522, 31), (2023, 24)]
2015-09-23 19:38:50[(290, 1), (305, 28), (367, 9), (522, 31), (2023, 24)]
2015-09-23 19:39:51[(290, 1), (305, 28), (367, 8), (522, 31), (2023, 24)]
2015-09-23 19:40:51[(290, 1), (305, 27), (367, 9), (522, 31), (2023, 24)]
2015-09-23 19:41:52[(290, 1), (305, 27), (367, 9), (522, 31), (2023, 24)]
2015-09-23 19:42:53[(290, 2), (305, 27), (367, 9), (522, 31), (2023, 24)]
2015-09-23 19:43:53[(290, 2), (305, 27), (367, 9), (522, 31), (2023, 23)]
2015-09-23 19:44:55[(290, 2), (305, 26), (367, 9), (522, 31), (2023, 23)]
2015-09-23 19:45:55[(290, 2), (305, 26), (367, 9), (522, 30), (2023, 23)]
2015-09-23 19:46:58[(290, 2), (305, 26), (367, 10), (522, 30), (2023, 23)]
2015-09-23 19:47:58[(290, 2), (305, 26), (367, 10), (522, 30), (2023, 23)]
2015-09-23 19:48:59[(290, 2), (305, 25), (367, 10), (522, 31), (2023, 23)]
2015-09-23 19:49:59[(290, 2), (305, 25), (367, 10), (522, 31), (2023, 23)]
2015-09-23 19:51:01[(290, 2), (305, 25), (367, 11), (522, 31), (2023, 23)]
2015-09-23 19:52:02[(290, 2), (305, 26), (367, 11), (522, 31), (2023, 23)]
2015-09-23 19:53:02[(290, 2), (305, 26), (367, 11), (522, 31), (2023, 23)]
2015-09-23 19:54:04[(290, 2), (305, 26), (367, 11), (522, 31), (2023, 23)]
2015-09-23 19:55:04[(290, 2), (305, 26), (367, 11), (522, 31), (2023, 23)]
2015-09-23 19:56:04[(290, 3), (305, 26), (367, 11), (522, 30), (2023, 23)]
2015-09-23 19:57:06[(290, 3), (305, 25), (367, 11), (522, 30), (2023, 22)]
2015-09-23 19:58:07[(290, 3), (305, 25), (367, 11), (522, 31), (2023, 22)]
2015-09-23 19:59:07[(290, 3), (305, 24), (367, 11), (522, 31), (2023, 22)]
2015-09-23 20:00:08[(290, 4), (305, 25), (367, 11), (522, 31), (2023, 22)]
2015-09-23 20:01:08[(290, 4), (305, 24), (367, 11), (522, 31), (2023, 22)]
2015-09-23 20:02:09[(290, 4), (305, 23), (367, 11), (522, 31), (2023, 22)]
2015-09-23 20:03:09[(290, 4), (305, 23), (367, 11), (522, 31), (2023, 23)]
2015-09-23 20:04:10[(290, 5), (305, 23), (367, 9), (522, 31), (2023, 23)]
2015-09-23 20:05:10[(290, 5), (305, 24), (367, 9), (522, 31), (2023, 23)]
2015-09-23 20:06:11[(290, 5), (305, 24), (367, 9), (522, 31), (2023, 23)]
2015-09-23 20:07:19[(290, 5), (305, 24), (367, 8), (522, 31), (2023, 23)]
2015-09-23 20:08:21[(290, 5), (305, 24), (367, 8), (522, 30), (2023, 23)]
2015-09-23 20:09:21[(290, 5), (305, 24), (367, 8), (522, 30), (2023, 22)]
2015-09-23 20:10:21[(290, 5), (305, 24), (367, 8), (522, 29), (2023, 22)]
2015-09-23 20:11:22[(290, 5), (305, 24), (367, 8), (522, 29), (2023, 22)]
2015-09-23 20:12:22[(290, 7), (305, 23), (367, 7), (522, 29), (2023, 22)]
2015-09-23 20:13:23[(290, 7), (305, 22), (367, 6), (522, 29), (2023, 22)]
2015-09-23 20:14:24[(290, 7), (305, 22), (367, 7), (522, 29), (2023, 22)]
2015-09-23 20:15:24[(290, 6), (305, 22), (367, 7), (522, 29), (2023, 22)]
2015-09-23 20:16:25[(290, 6), (305, 22), (367, 6), (522, 29), (2023, 22)]
2015-09-23 20:17:25[(290, 6), (305, 21), (367, 7), (522, 29), (2023, 22)]
2015-09-23 20:18:25[(290, 6), (305, 20), (367, 7), (522, 28), (2023, 22)]
2015-09-23 20:19:26[(290, 6), (305, 21), (367, 7), (522, 28), (2023, 22)]
2015-09-23 20:20:27[(290, 6), (305, 21), (367, 8), (522, 28), (2023, 22)]
2015-09-23 20:21:28[(290, 6), (305, 22), (367, 8), (522, 28), (2023, 22)]
2015-09-23 20:22:29[(290, 6), (305, 22), (367, 7), (522, 28), (2023, 22)]
2015-09-23 20:23:29[(290, 6), (305, 21), (367, 7), (522, 28), (2023, 22)]
2015-09-23 20:24:30[(290, 6), (305, 22), (367, 6), (522, 28), (2023, 22)]
2015-09-23 20:25:30[(290, 6), (305, 22), (367, 6), (522, 26), (2023, 22)]
2015-09-23 20:26:33[(290, 6), (305, 22), (367, 6), (522, 26), (2023, 22)]
2015-09-23 20:27:34[(290, 6), (305, 22), (367, 5), (522, 25), (2023, 22)]
2015-09-23 20:28:34[(290, 6), (305, 22), (367, 5), (522, 25), (2023, 22)]
2015-09-23 20:29:35[(290, 6), (305, 20), (367, 6), (522, 24), (2023, 22)]
2015-09-23 20:30:36[(290, 6), (305, 18), (367, 5), (522, 23), (2023, 21)]
2015-09-23 20:31:36[(290, 6), (305, 18), (367, 5), (522, 23), (2023, 21)]
2015-09-23 20:32:36[(290, 6), (305, 18), (367, 5), (522, 23), (2023, 22)]
2015-09-23 20:33:37[(290, 6), (305, 18), (367, 5), (522, 23), (2023, 20)]
2015-09-23 20:34:37[(290, 6), (305, 17), (367, 5), (522, 23), (2023, 20)]
2015-09-23 20:35:37[(290, 6), (305, 17), (367, 5), (522, 23), (2023, 20)]
2015-09-23 20:36:38[(290, 6), (305, 18), (367, 4), (522, 23), (2023, 20)]
2015-09-23 20:37:38[(290, 6), (305, 18), (367, 4), (522, 21), (2023, 19)]
2015-09-23 20:38:39[(290, 6), (305, 17), (367, 4), (522, 21), (2023, 19)]
2015-09-23 20:39:40[(290, 6), (305, 16), (367, 3), (522, 20), (2023, 19)]
2015-09-23 20:40:40[(290, 6), (305, 16), (367, 3), (522, 20), (2023, 19)]
2015-09-23 20:41:40[(290, 6), (305, 15), (367, 2), (522, 20), (2023, 19)]
2015-09-23 20:42:41[(290, 6), (305, 14), (367, 1), (522, 19), (2023, 19)]
2015-09-23 20:43:41[(290, 6), (305, 12), (367, 1), (522, 18), (2023, 18)]
2015-09-23 20:44:42[(290, 6), (305, 12), (367, 0), (522, 18), (2023, 18)]
2015-09-23 20:45:42[(290, 7), (305, 12), (367, 0), (522, 17), (2023, 18)]
2015-09-23 20:46:42[(290, 7), (305, 11), (367, 0), (522, 16), (2023, 18)]
2015-09-23 20:47:43[(290, 7), (305, 11), (367, 0), (522, 16), (2023, 18)]
2015-09-23 20:48:43[(290, 6), (305, 11), (367, 4), (522, 15), (2023, 18)]
2015-09-23 20:49:43[(290, 7), (305, 11), (367, 5), (522, 14), (2023, 18)]
2015-09-23 20:50:44[(290, 7), (305, 10), (367, 5), (522, 14), (2023, 17)]
2015-09-23 20:51:44[(290, 7), (305, 10), (367, 3), (522, 13), (2023, 16)]
2015-09-23 20:52:45[(290, 7), (305, 9), (367, 4), (522, 12), (2023, 16)]
2015-09-23 20:53:45[(290, 7), (305, 9), (367, 4), (522, 12), (2023, 16)]
2015-09-23 20:54:45[(290, 7), (305, 10), (367, 4), (522, 9), (2023, 18)]
2015-09-23 20:55:46[(290, 7), (305, 10), (367, 4), (522, 9), (2023, 18)]
2015-09-23 20:56:46[(290, 7), (305, 8), (367, 4), (522, 8), (2023, 18)]
2015-09-23 20:57:46[(290, 7), (305, 7), (367, 3), (522, 9), (2023, 18)]
2015-09-23 20:58:47[(290, 7), (305, 7), (367, 3), (522, 9), (2023, 18)]
2015-09-23 20:59:47[(290, 7), (305, 7), (367, 3), (522, 8), (2023, 18)]
2015-09-23 21:00:50[(290, 7), (305, 7), (367, 3), (522, 8), (2023, 18)]
2015-09-23 21:01:51[(290, 7), (305, 7), (367, 4), (522, 8), (2023, 18)]
2015-09-23 21:02:51[(290, 7), (305, 7), (367, 4), (522, 8), (2023, 18)]
2015-09-23 21:03:51[(290, 7), (305, 7), (367, 4), (522, 8), (2023, 18)]
2015-09-23 21:04:52[(290, 7), (305, 5), (367, 2), (522, 8), (2023, 18)]
2015-09-23 21:05:52[(290, 6), (305, 5), (367, 2), (522, 6), (2023, 18)]
2015-09-23 21:06:52[(290, 6), (305, 5), (367, 2), (522, 5), (2023, 17)]
2015-09-23 21:07:53[(290, 6), (305, 5), (367, 1), (522, 4), (2023, 17)]
2015-09-23 21:08:53[(290, 6), (305, 4), (367, 0), (522, 4), (2023, 17)]
2015-09-23 21:09:54[(290, 6), (305, 2), (367, 1), (522, 4), (2023, 16)]
2015-09-23 21:10:54[(290, 6), (305, 2), (367, 1), (522, 3), (2023, 16)]
2015-09-23 21:11:54[(290, 6), (305, 2), (367, 1), (522, 2), (2023, 17)]
2015-09-23 21:12:55[(290, 6), (305, 2), (367, 1), (522, 2), (2023, 17)]
2015-09-23 21:13:55[(290, 6), (305, 2), (367, 1), (522, 3), (2023, 16)]
2015-09-23 21:14:55[(290, 5), (305, 2), (367, 1), (522, 3), (2023, 16)]
2015-09-23 21:15:56[(290, 5), (305, 1), (367, 1), (522, 3), (2023, 14)]
2015-09-23 21:16:56[(290, 5), (305, 1), (367, 0), (522, 2), (2023, 13)]
2015-09-23 21:17:56[(290, 5), (305, 1), (367, 0), (522, 2), (2023, 13)]
2015-09-23 21:18:57[(290, 6), (305, 1), (367, 0), (522, 2), (2023, 13)]
2015-09-23 21:19:58[(290, 5), (305, 1), (367, 1), (522, 1), (2023, 12)]
2015-09-23 21:20:58[(290, 5), (305, 1), (367, 1), (522, 0), (2023, 12)]
2015-09-23 21:21:58[(290, 5), (305, 0), (367, 1), (522, 0), (2023, 13)]
2015-09-23 21:22:59[(290, 5), (305, 0), (367, 0), (522, 0), (2023, 11)]
2015-09-23 21:24:02[(290, 5), (305, 0), (367, 0), (522, 0), (2023, 11)]
2015-09-23 21:25:03[(290, 5), (305, 0), (367, 0), (522, 0), (2023, 11)]
2015-09-23 21:26:04[(290, 4), (305, 0), (367, 0), (522, 0), (2023, 10)]
2015-09-23 21:27:05[(290, 4), (305, 0), (367, 0), (522, 0), (2023, 8)]
2015-09-23 21:28:14[(290, 4), (305, 1), (367, 0), (522, 0), (2023, 8)]
2015-09-23 21:29:14[(290, 4), (305, 1), (367, 0), (522, 0), (2023, 4)]
2015-09-23 21:30:15[(290, 5), (305, 0), (367, 0), (522, 0), (2023, 2)]
2015-09-23 21:31:15[(290, 6), (305, 0), (367, 0), (522, 1), (2023, 2)]
2015-09-23 21:32:15[(290, 6), (305, 0), (367, 0), (522, 0), (2023, 2)]
2015-09-23 21:33:16[(290, 7), (305, 0), (367, 0), (522, 1), (2023, 2)]
2015-09-23 21:34:16[(290, 7), (305, 0), (367, 0), (522, 1), (2023, 2)]
2015-09-23 21:35:16[(290, 8), (305, 0), (367, 0), (522, 1), (2023, 3)]
2015-09-23 21:36:17[(290, 8), (305, 0), (367, 0), (522, 1), (2023, 3)]
2015-09-23 21:37:17[(290, 8), (305, 0), (367, 0), (522, 1), (2023, 2)]
2015-09-23 21:38:18[(290, 8), (305, 1), (367, 0), (522, 1), (2023, 1)]
2015-09-23 21:39:18[(290, 9), (305, 1), (367, 0), (522, 0), (2023, 1)]
2015-09-23 21:40:18[(290, 10), (305, 1), (367, 0), (522, 4), (2023, 1)]
2015-09-23 21:41:19[(290, 11), (305, 0), (367, 0), (522, 6), (2023, 1)]
2015-09-23 21:42:19[(290, 10), (305, 0), (367, 0), (522, 6), (2023, 0)]
2015-09-23 21:43:19[(290, 10), (305, 0), (367, 0), (522, 6), (2023, 0)]
2015-09-23 21:44:20[(290, 10), (305, 0), (367, 0), (522, 12), (2023, 0)]
2015-09-23 21:45:20[(290, 11), (305, 0), (367, 0), (522, 14), (2023, 1)]
2015-09-23 21:46:21[(290, 11), (305, 0), (367, 0), (522, 16), (2023, 1)]
2015-09-23 21:47:21[(290, 10), (305, 0), (367, 0), (522, 18), (2023, 1)]
2015-09-23 21:48:22[(290, 9), (305, 0), (367, 0), (522, 21), (2023, 0)]
2015-09-23 21:49:22[(290, 9), (305, 0), (367, 0), (522, 22), (2023, 0)]
2015-09-23 21:50:23[(290, 9), (305, 0), (367, 0), (522, 25), (2023, 0)]
2015-09-23 21:51:23[(290, 8), (305, 0), (367, 0), (522, 26), (2023, 0)]
2015-09-23 21:52:23[(290, 8), (305, 0), (367, 0), (522, 28), (2023, 0)]
2015-09-23 21:53:23[(290, 8), (305, 0), (367, 0), (522, 30), (2023, 0)]
2015-09-23 21:54:24[(290, 8), (305, 0), (367, 0), (522, 31), (2023, 0)]
2015-09-23 21:55:24[(290, 8), (305, 0), (367, 0), (522, 33), (2023, 0)]
2015-09-23 21:56:24[(290, 8), (305, 0), (367, 0), (522, 34), (2023, 0)]
2015-09-23 21:57:25[(290, 8), (305, 0), (367, 0), (522, 36), (2023, 0)]
2015-09-23 21:58:25[(290, 8), (305, 0), (367, 0), (522, 37), (2023, 0)]
2015-09-23 21:59:26[(290, 8), (305, 0), (367, 0), (522, 37), (2023, 0)]
